# name: debug
# type: sparse matrix
# nnz: 14400
# rows: 120
# columns: 120

1 1 234.579964
2 1 15.9370949
3 1 -0.899876316
4 1 0.213162504
5 1 -5.65943192
6 1 0.289478052
7 1 -19.710355
8 1 -2.14024112
9 1 0.208858883
10 1 0.046870199
11 1 0.608185585
12 1 -0.0750094054
13 1 -15.8990841
14 1 -1.78745224
15 1 0.196141541
16 1 0.0107488239
17 1 0.45244506
18 1 -0.0471426641
19 1 -10.3774377
20 1 -1.01484761
21 1 -0.229102291
22 1 -0.0123374454
23 1 0.269183387
24 1 -0.0267708979
25 1 -6.82964157
26 1 -0.562018999
27 1 0.305816438
28 1 -0.00539445568
29 1 0.177502638
30 1 -0.00547482515
31 1 -3.83661084
32 1 -0.408577721
33 1 -0.166122103
34 1 -0.00368236221
35 1 0.0651186811
36 1 0.00189780756
37 1 -3.3092708
38 1 -0.216824414
39 1 0.017648153
40 1 0.0207361836
41 1 0.0737730174
42 1 -0.0114220573
43 1 -3.073218
44 1 -0.2263699
45 1 -0.108133713
46 1 -0.00202332847
47 1 0.0506803981
48 1 -0.00255513157
49 1 -2.20090438
50 1 -0.259286097
51 1 0.03810004
52 1 -0.00215182706
53 1 0.0330474809
54 1 -0.00123988357
55 1 -1.50504921
56 1 -0.0895203939
57 1 0.00669701194
58 1 -0.00087447998
59 1 0.0232756948
60 1 -0.00233003596
61 1 -1.00135777
62 1 -0.0114826258
63 1 0.057939277
64 1 3.12923702e-05
65 1 0.0216038118
66 1 -0.00261897695
67 1 -0.92515127
68 1 -0.036543718
69 1 0.0623997697
70 1 -0.000395202255
71 1 0.0136321086
72 1 -0.00055892167
73 1 -0.698892732
74 1 -0.0391289787
75 1 0.0906608694
76 1 -0.000388066804
77 1 0.0129334849
78 1 -0.000396337539
79 1 -0.382907834
80 1 -0.0199069805
81 1 0.0525199047
82 1 -0.000259815764
83 1 0.00652067072
84 1 -0.00032586609
85 1 -0.488278798
86 1 -0.0714053599
87 1 0.0558255514
88 1 -0.000748962857
89 1 0.00760115071
90 1 -0.000532214493
91 1 -0.321563931
92 1 -0.0294536883
93 1 0.049888702
94 1 -0.000326258015
95 1 0.00456676826
96 1 -3.98259509e-05
97 1 -0.238700445
98 1 -0.0049892542
99 1 0.0407538377
100 1 -8.93855371e-05
101 1 0.00339591399
102 1 -0.000117347616
103 1 -0.164917347
104 1 -0.0140752535
105 1 0.0374169617
106 1 -0.000203932595
107 1 0.00263328433
108 1 -4.28613407e-05
109 1 -0.118892328
110 1 -0.00432583122
111 1 0.0253487706
112 1 -7.27936317e-05
113 1 0.0020375987
114 1 -1.4933885e-05
115 1 -0.22651612
116 1 -0.00925390551
117 1 0.0555116026
118 1 -0.000178339863
119 1 0.00308532157
120 1 -0.000180197963
1 2 15.9370949
2 2 251.824506
3 2 -9.82248408
4 2 5.76427217
5 2 -0.220641623
6 2 -0.565691842
7 2 -2.01801494
8 2 -21.205765
9 2 1.0308863
10 2 -0.87167456
11 2 0.00213402283
12 2 0.210064345
13 2 -1.38311949
14 2 -17.2961841
15 2 0.817138409
16 2 -0.583156687
17 2 -0.00218404255
18 2 0.129979001
19 2 -0.729821948
20 2 -11.0043434
21 2 0.720512031
22 2 -0.23376219
23 2 0.0185479504
24 2 0.00396053128
25 2 -0.389172419
26 2 -7.9758821
27 2 0.010087167
28 2 -0.208232101
29 2 -0.00604135862
30 2 0.0482550799
31 2 -0.389537891
32 2 -4.40626757
33 2 -0.06385214
34 2 -0.0701718808
35 2 0.0033307748
36 2 -0.00131037274
37 2 -0.213958727
38 2 -4.0152135
39 2 -0.071892698
40 2 -0.141118865
41 2 -0.0245528342
42 2 0.0432425706
43 2 -0.254296179
44 2 -3.55045636
45 2 0.0967902522
46 2 -0.0541996965
47 2 0.00229537857
48 2 -0.00231349511
49 2 -0.360198278
50 2 -2.39162613
51 2 -0.000547392245
52 2 -0.0338493917
53 2 0.00350716987
54 2 -0.000911199509
55 2 -0.123483483
56 2 -1.56259907
57 2 0.105933803
58 2 -0.0237368589
59 2 0.00122019589
60 2 0.000155415212
61 2 -0.0261890465
62 2 -1.06964241
63 2 0.0668843861
64 2 -0.0219690909
65 2 5.90435752e-05
66 2 0.00288710904
67 2 -0.0620931037
68 2 -0.974329627
69 2 0.0290919168
70 2 -0.0137436783
71 2 0.000701452639
72 2 0.000597882591
73 2 -0.0428009262
74 2 -0.759101075
75 2 0.026114249
76 2 -0.0134267947
77 2 0.000430992915
78 2 0.00321319327
79 2 -0.0237290029
80 2 -0.377764482
81 2 0.0212403527
82 2 -0.00630333499
83 2 0.000312171576
84 2 0.00103695909
85 2 -0.0943875991
86 2 -0.431763588
87 2 0.0171226845
88 2 -0.00686080309
89 2 0.000979789381
90 2 0.00104623003
91 2 -0.0239387524
92 2 -0.330364641
93 2 0.0152928652
94 2 -0.00459573986
95 2 0.000273609027
96 2 0.000587370325
97 2 0.00595327165
98 2 -0.256841221
99 2 0.0115269853
100 2 -0.00350241048
101 2 -5.01998724e-05
102 2 0.000677366822
103 2 -0.00610260483
104 2 -0.157072728
105 2 0.00789926701
106 2 -0.00243241212
107 2 8.66661953e-05
108 2 0.000577124273
109 2 0.00278233355
110 2 -0.129526733
111 2 0.00304480148
112 2 -0.00209121006
113 2 -3.58673687e-05
114 2 0.00049947178
115 2 0.0174784607
116 2 -0.242495955
117 2 0.0200922018
118 2 -0.00314885826
119 2 -0.000143579139
120 2 0.000830846909
1 3 -0.899876316
2 3 -9.82248408
3 3 30.5758985
4 3 -0.352430961
5 3 0.52902498
6 3 0.00747911991
7 3 -0.124597897
8 3 0.936246235
9 3 -2.55110365
10 3 0.0164229651
11 3 -0.0846264653
12 3 0.0081446804
13 3 -0.412025509
14 3 0.661444418
15 3 -2.15611018
16 3 0.0187978396
17 3 -0.0532813337
18 3 0.00349549728
19 3 -0.76295232
20 3 0.690027324
21 3 -1.34224188
22 3 0.0235032728
23 3 -0.0143215652
24 3 -0.000545233931
25 3 -0.120552053
26 3 0.0553535781
27 3 -1.01477032
28 3 0.00795908576
29 3 -0.0238000912
30 3 -0.000796780872
31 3 -0.49954531
32 3 -0.0760679725
33 3 -0.536409154
34 3 -0.00102796632
35 3 0.00634349363
36 3 0.000127606487
37 3 -0.347588809
38 3 -0.0485298027
39 3 -0.43109202
40 3 -0.00614996549
41 3 -0.00322876171
42 3 0.00335649128
43 3 -0.524589968
44 3 0.127211602
45 3 -0.369211619
46 3 0.00309127109
47 3 0.00821191686
48 3 -0.000304657151
49 3 -0.319710102
50 3 -0.0251485745
51 3 -0.250174245
52 3 0.000316500137
53 3 0.0056600277
54 3 -0.000298870379
55 3 -0.28613371
56 3 0.0857666337
57 3 -0.0974399709
58 3 0.00180677132
59 3 0.00393824331
60 3 -0.000408092099
61 3 -0.174064157
62 3 0.0717647933
63 3 -0.0650243522
64 3 0.00247404211
65 3 0.00197923461
66 3 -0.000595494729
67 3 -0.171257587
68 3 0.0209297352
69 3 -0.051927747
70 3 0.000547621071
71 3 0.00258711031
72 3 -0.000137369443
73 3 -0.105776626
74 3 0.0144362191
75 3 -0.0303080359
76 3 0.00036026976
77 3 0.00056879753
78 3 -0.000102876244
79 3 -0.0624859325
80 3 0.0184194047
81 3 -0.00620190923
82 3 0.00032011741
83 3 0.000779113053
84 3 -9.84057268e-05
85 3 -0.0985120276
86 3 0.00459167725
87 3 -0.00757463162
88 3 0.00019666474
89 3 0.00112162814
90 3 -0.000189136517
91 3 -0.0625760995
92 3 0.0127276155
93 3 -0.000938011408
94 3 0.00015647608
95 3 0.000914984527
96 3 -4.2985013e-05
97 3 -0.0474651503
98 3 0.0164347429
99 3 0.00381099172
100 3 0.000187788451
101 3 0.000589086784
102 3 -5.81130708e-05
103 3 -0.0260454556
104 3 0.00772815158
105 3 0.00349176681
106 3 9.15023813e-05
107 3 0.000365150638
108 3 -3.29169071e-05
109 3 -0.020445302
110 3 0.00610875787
111 3 0.00227369917
112 3 7.31633604e-05
113 3 0.000293594275
114 3 -2.11777844e-05
115 3 -0.0381418531
116 3 0.0284797279
117 3 0.00292358239
118 3 0.00027201767
119 3 0.000454739491
120 3 -0.000101957533
1 4 0.213162504
2 4 5.76427217
3 4 -0.352430961
4 4 0.969889118
5 4 -0.0664576537
6 4 -0.361225173
7 4 0.00202032541
8 4 -0.89794724
9 4 0.0424942754
10 4 -0.333704174
11 4 -0.0111194961
12 4 0.141460446
13 4 0.0100211924
14 4 -0.673151241
15 4 0.0329590644
16 4 -0.179931408
17 4 -0.00964565082
18 4 0.0799033783
19 4 -0.0187425525
20 4 -0.243638237
21 4 0.0307896644
22 4 -0.0129481438
23 4 0.00464908091
24 4 0.00349877962
25 4 0.0084527027
26 4 -0.244516647
27 4 0.00375232326
28 4 -0.0300692869
29 4 -0.00270949383
30 4 0.0144392239
31 4 -0.00336081087
32 4 -0.0715061957
33 4 -0.00104818142
34 4 -0.0014055586
35 4 8.71336697e-06
36 4 7.69418797e-05
37 4 0.0598877752
38 4 -0.30311991
39 4 -0.0263453174
40 4 -0.0763668698
41 4 -0.0227896773
42 4 0.0375643568
43 4 -0.00180433719
44 4 -0.055294508
45 4 0.0025463482
46 4 -0.00111124088
47 4 3.51804309e-06
48 4 2.68788544e-05
49 4 -0.00314193449
50 4 -0.0344796407
51 4 0.000487148341
52 4 -0.000643561675
53 4 2.47404306e-05
54 4 9.13135338e-06
55 4 -0.000829389582
56 4 -0.0242541488
57 4 0.00204785724
58 4 -0.000479129727
59 4 8.62125456e-06
60 4 3.79066844e-05
61 4 0.000544713913
62 4 -0.0230920637
63 4 0.00237585587
64 4 -0.000612223258
65 4 -6.87164583e-06
66 4 0.00013439831
67 4 -0.000548167614
68 4 -0.0138108161
69 4 0.000623522339
70 4 -0.000252313983
71 4 5.09200912e-06
72 4 2.48308401e-05
73 4 -0.000295893047
74 4 -0.0145478107
75 4 0.000511457804
76 4 -0.000383371136
77 4 5.34786408e-06
78 4 0.00014945454
79 4 -0.000203632219
80 4 -0.00662109192
81 4 0.000356166846
82 4 -0.00013331927
83 4 3.60069017e-06
84 4 3.31992339e-05
85 4 -0.000733630086
86 4 -0.00715034407
87 4 0.000306247156
88 4 -0.000139976209
89 4 8.42925472e-06
90 4 3.66024838e-05
91 4 -0.000212524989
92 4 -0.00464049117
93 4 0.00016702095
94 4 -6.97356472e-05
95 4 2.34637651e-06
96 4 1.01182095e-05
97 4 0.000109351615
98 4 -0.00361123334
99 4 0.00012377719
100 4 -5.40761444e-05
101 4 -1.13551129e-06
102 4 1.22808284e-05
103 4 -4.9492461e-05
104 4 -0.0025497333
105 4 8.41681559e-05
106 4 -4.27677558e-05
107 4 6.1290018e-07
108 4 1.14483467e-05
109 4 5.48563312e-05
110 4 -0.00219746254
111 4 2.30723216e-05
112 4 -3.83912133e-05
113 4 -8.46038875e-07
114 4 1.03839366e-05
115 4 0.000239694052
116 4 -0.00331522659
117 4 0.000178129743
118 4 -4.90197005e-05
119 4 -2.44134447e-06
120 4 1.42679049e-05
1 5 -5.65943192
2 5 -0.220641623
3 5 0.52902498
4 5 -0.0664576537
5 5 1.13099181
6 5 -0.0169809199
7 5 0.617585873
8 5 -0.0613969271
9 5 -0.0945758908
10 5 -0.0670703839
11 5 -0.149299993
12 5 0.0360746916
13 5 0.490648927
14 5 -0.0319179361
15 5 -0.0830825278
16 5 -0.0297949416
17 5 -0.096969083
18 5 0.0190067103
19 5 0.291579026
20 5 0.0103310265
21 5 -0.032802296
22 5 0.000234716999
23 5 -0.0303609314
24 5 0.001713282
25 5 0.199631345
26 5 0.00526371458
27 5 -0.0447881979
28 5 0.000448868953
29 5 -0.0259599331
30 5 0.00110129254
31 5 0.0671448961
32 5 0.00371498505
33 5 0.00116988887
34 5 1.81298776e-05
35 5 -0.00141876225
36 5 -1.92310706e-05
37 5 0.114571826
38 5 -0.0714151376
39 5 -0.0290792721
40 5 -0.022251576
41 5 -0.0243546451
42 5 0.0113936594
43 5 0.0530816581
44 5 0.00154651867
45 5 0.0018044041
46 5 2.43514462e-06
47 5 -0.00113182382
48 5 7.25922855e-05
49 5 0.0347302389
50 5 0.00215684943
51 5 0.000620827808
52 5 8.52852665e-06
53 5 -0.000674060202
54 5 4.10500373e-05
55 5 0.0245360617
56 5 0.000495640296
57 5 -0.000469223891
58 5 4.85798653e-06
59 5 -0.000498077939
60 5 5.60253079e-05
61 5 0.0224329201
62 5 -0.000611635461
63 5 -0.00291151202
64 5 -5.00592266e-06
65 5 -0.000618298671
66 5 9.21865975e-05
67 5 0.0141708412
68 5 0.000243039524
69 5 -0.000730452576
70 5 1.07683331e-06
71 5 -0.000263549003
72 5 1.73496209e-05
73 5 0.0132342265
74 5 0.000271456041
75 5 -0.00310400105
76 5 4.7223562e-06
77 5 -0.000384465657
78 5 1.23874e-05
79 5 0.00674203797
80 5 0.000159635233
81 5 -0.00118710528
82 5 2.82258251e-06
83 5 -0.000141664768
84 5 7.50360545e-06
85 5 0.00783553699
86 5 0.000683702935
87 5 -0.00130568094
88 5 8.02846991e-06
89 5 -0.000154212397
90 5 9.03742503e-06
91 5 0.00472431957
92 5 0.000289477837
93 5 -0.00066812426
94 5 3.18321385e-06
95 5 -7.3346919e-05
96 5 4.69054118e-07
97 5 0.00346770795
98 5 3.29416132e-05
99 5 -0.000665179274
100 5 8.2607696e-07
101 5 -5.45103503e-05
102 5 1.27080476e-06
103 5 0.002653982
104 5 0.000176100118
105 5 -0.000646368774
106 5 2.63562509e-06
107 5 -4.6294297e-05
108 5 2.88700186e-07
109 5 0.0020634349
110 5 5.78153545e-05
111 5 -0.000489644839
112 5 1.04219495e-06
113 5 -3.86252292e-05
114 5 -1.27550461e-07
115 5 0.00308960192
116 5 9.09481963e-05
117 5 -0.000796137714
118 5 2.08814022e-06
119 5 -4.88472298e-05
120 5 1.44199213e-06
1 6 0.289478052
2 6 -0.565691842
3 6 0.00747911991
4 6 -0.361225173
5 6 -0.0169809199
6 6 0.165696791
7 6 -0.0523164177
8 6 0.21004748
9 6 -0.00190919055
10 6 0.138430452
11 6 0.0107392121
12 6 -0.0621160526
13 6 -0.0406753644
14 6 0.148132654
15 6 -9.99837788e-05
16 6 0.0739872099
17 6 0.00811610056
18 6 -0.0355246814
19 6 -0.0226100199
20 6 -0.00275474048
21 6 -0.00109911441
22 6 0.00334858412
23 6 -0.000295548496
24 6 -0.00228111864
25 6 -0.0124033739
26 6 0.0514766892
27 6 0.00212833371
28 6 0.0125044017
29 6 0.00247358042
30 6 -0.00695094805
31 6 0.00144081785
32 6 -0.00666252311
33 6 -0.000103602017
34 6 -4.89006036e-05
35 6 -1.24576268e-05
36 6 -0.00022640966
37 6 -0.0283122192
38 6 0.0996211305
39 6 0.0119673084
40 6 0.0319226518
41 6 0.0103020509
42 6 -0.0160729918
43 6 -0.00377039575
44 6 -0.00913830466
45 6 0.000328493699
46 6 -0.000128534511
47 6 9.43058721e-05
48 6 -0.000123185005
49 6 -0.00203353328
50 6 -0.00606643183
51 6 -2.92334952e-05
52 6 -0.000101124952
53 6 4.99322642e-05
54 6 -7.74163555e-05
55 6 -0.00261162373
56 6 -0.00423860339
57 6 0.000438089427
58 6 -5.91215917e-05
59 6 5.7926795e-05
60 6 -3.97579588e-05
61 6 -0.00288191631
62 6 -0.00185931618
63 6 0.000593814026
64 6 -1.02269186e-05
65 6 9.6189714e-05
66 6 -4.48710329e-05
67 6 -0.00074482858
68 6 -0.00268999942
69 6 0.000162209737
70 6 -4.01081126e-05
71 6 1.90542818e-05
72 6 -1.36451386e-05
73 6 -0.000471758481
74 6 -0.000348208367
75 6 0.000112813022
76 6 3.36412321e-05
77 6 1.17207992e-05
78 6 -3.54179894e-05
79 6 -0.000458763007
80 6 -0.000821242011
81 6 0.000113215398
82 6 -8.42484069e-06
83 6 9.24977112e-06
84 6 -5.06991235e-06
85 6 -0.000979802866
86 6 -0.00112088709
87 6 9.6407892e-05
88 6 -1.11064921e-05
89 6 1.43971164e-05
90 6 -6.33637577e-06
91 6 -0.000218372601
92 6 -0.000999118756
93 6 5.18002236e-05
94 6 -1.49103114e-05
95 6 2.73997798e-06
96 6 -7.44413178e-07
97 6 -0.000178521467
98 6 -0.000612729207
99 6 5.78697891e-05
100 6 -7.87357378e-06
101 6 2.19631253e-06
102 6 7.31192135e-07
103 6 -0.000152016749
104 6 -0.000371891105
105 6 4.68543062e-05
106 6 -5.34078502e-06
107 6 1.96651257e-06
108 6 6.47197127e-07
109 6 -7.18844632e-05
110 6 -0.000308553642
111 6 2.14236706e-05
112 6 -4.54249611e-06
113 6 9.19919096e-07
114 6 5.39763918e-07
115 6 -0.000257584784
116 6 -0.000461535041
117 6 9.72853597e-05
118 6 -6.05878441e-06
119 6 2.73150111e-06
120 6 6.70131991e-07
1 7 -19.710355
2 7 -2.01801494
3 7 -0.124597897
4 7 0.00202032541
5 7 0.617585873
6 7 -0.0523164177
7 7 213.585588
8 7 10.5257329
9 7 3.04794677
10 7 0.107202082
11 7 -5.30678822
12 7 0.35040953
13 7 -19.8806489
14 7 -2.34837872
15 7 -0.433436922
16 7 -0.0181784798
17 7 0.568013117
18 7 -0.04080396
19 7 -13.7222235
20 7 -1.44171518
21 7 -0.661391371
22 7 -0.0276700919
23 7 0.338437531
24 7 -0.0261337481
25 7 -9.37061371
26 7 -0.732305997
27 7 -0.268525905
28 7 -0.0048819202
29 7 0.248781105
30 7 -0.0100527945
31 7 -6.76859254
32 7 -0.649055535
33 7 -0.53758861
34 7 -0.00652480339
35 7 0.132171911
36 7 -0.00240604879
37 7 -5.10555591
38 7 -0.353804574
39 7 -0.154703479
40 7 0.00100209471
41 7 0.125031334
42 7 -0.00423532006
43 7 -3.76201603
44 7 -0.286195055
45 7 -0.0118407983
46 7 -0.00241042362
47 7 0.0788392073
48 7 0.00029891427
49 7 -3.15255326
50 7 -0.352064148
51 7 -0.0810322178
52 7 -0.00305331945
53 7 0.0494321893
54 7 -0.00227565634
55 7 -2.05636964
56 7 -0.082255173
57 7 0.0915863777
58 7 -0.000760569196
59 7 0.0376699591
60 7 -0.00273190871
61 7 -1.48467025
62 7 -0.0677344083
63 7 -0.0647505968
64 7 -0.000533600928
65 7 0.0284237138
66 7 -0.00354476744
67 7 -1.63164382
68 7 -0.0623268601
69 7 -0.0337264415
70 7 -0.000724235182
71 7 0.0270572879
72 7 -0.0026402852
73 7 -1.26114084
74 7 -0.0531346688
75 7 0.165410856
76 7 -0.000571476545
77 7 0.0268663757
78 7 -0.0011959824
79 7 -0.628769973
80 7 -0.0382489976
81 7 0.0723819155
82 7 -0.000473875314
83 7 0.0129201476
84 7 0.000102829252
85 7 -0.738759341
86 7 -0.0664270044
87 7 0.00590497078
88 7 -0.000788391787
89 7 0.0104802697
90 7 -0.000536729956
91 7 -0.642024045
92 7 -0.0360872504
93 7 0.00143814035
94 7 -0.000475340713
95 7 0.00806840794
96 7 -0.000136758662
97 7 -0.638446765
98 7 -0.0367949723
99 7 0.115173631
100 7 -0.00066721939
101 7 0.0113904749
102 7 -0.00140246388
103 7 -0.38261571
104 7 -0.0563156712
105 7 0.0282987202
106 7 -0.000701578721
107 7 0.0054925827
108 7 -0.000458878225
109 7 -0.336392992
110 7 -0.0470200243
111 7 0.0153644002
112 7 -0.000575179612
113 7 0.00489564607
114 7 -0.000422381402
115 7 -0.366857469
116 7 -0.0561565092
117 7 0.022871731
118 7 -0.000696912686
119 7 0.00524950083
120 7 -0.000489848114
1 8 -2.14024112
2 8 -21.205765
3 8 0.936246235
4 8 -0.89794724
5 8 -0.0613969271
6 8 0.21004748
7 8 10.5257329
8 8 235.696329
9 8 -13.2949659
10 8 5.43202925
11 8 -0.104903736
12 8 -0.53010931
13 8 -1.98252269
14 8 -22.1188653
15 8 0.949474276
16 8 -0.719981955
17 8 0.00438937731
18 8 0.135370782
19 8 -1.12453924
20 8 -14.9273399
21 8 0.877833273
22 8 -0.324820221
23 8 0.0186899922
24 8 0.00261102983
25 8 -0.618270908
26 8 -11.1413466
27 8 0.153136259
28 8 -0.281665056
29 8 -0.00074151209
30 8 0.0414687426
31 8 -0.663918149
32 8 -7.87101946
33 8 0.137432331
34 8 -0.141493662
35 8 0.00668936827
36 8 -0.00858416244
37 8 -0.314323139
38 8 -6.16970579
39 8 0.0623753139
40 8 -0.208921583
41 8 -0.0250118561
42 8 0.0495321984
43 8 -0.370227198
44 8 -4.30755428
45 8 -0.0334732912
46 8 -0.083729583
47 8 0.00379230871
48 8 0.00567761598
49 8 -0.506591552
50 8 -3.67561745
51 8 0.0715310474
52 8 -0.0531271305
53 8 0.00524738275
54 8 -0.0038999528
55 8 -0.150106601
56 8 -2.30404498
57 8 0.117232872
58 8 -0.0392191699
59 8 0.00178310666
60 8 0.00257155776
61 8 -0.100771972
62 8 -1.70545626
63 8 0.120644713
64 8 -0.0304566772
65 8 0.000908166981
66 8 0.000368160526
67 8 -0.111439556
68 8 -1.81743989
69 8 0.114275747
70 8 -0.0285849687
71 8 0.00132831597
72 8 -0.000793801506
73 8 -0.0681520016
74 8 -1.4052262
75 8 0.0571704222
76 8 -0.0279188461
77 8 0.000807412407
78 8 0.00603218067
79 8 -0.0575686403
80 8 -0.663151635
81 8 0.00941708526
82 8 -0.0130256738
83 8 0.000851318352
84 8 0.00264225151
85 8 -0.105150205
86 8 -0.724233862
87 8 -0.00142449225
88 8 -0.0101575144
89 8 0.00118277846
90 8 0.000389664955
91 8 -0.0410336038
92 8 -0.698914428
93 8 0.0084549636
94 8 -0.00860072617
95 8 0.000511054269
96 8 -6.57172515e-05
97 8 -0.00868813665
98 8 -0.725286605
99 8 0.0714263508
100 8 -0.0121655162
101 8 0.000101956028
102 8 0.00275893638
103 8 -0.0405262493
104 8 -0.371720416
105 8 0.0389482795
106 8 -0.00543949089
107 8 0.000447902185
108 8 0.000270431812
109 8 -0.0315017331
110 8 -0.344540251
111 8 0.0332689124
112 8 -0.00510021528
113 8 0.000322830763
114 8 0.000183378383
115 8 -0.0248884805
116 8 -0.376146036
117 8 0.0406549228
118 8 -0.00544640879
119 8 0.000224259213
120 8 0.000319762312
1 9 0.208858883
2 9 1.0308863
3 9 -2.55110365
4 9 0.0424942754
5 9 -0.0945758908
6 9 -0.00190919055
7 9 3.04794677
8 9 -13.2949659
9 9 27.2529705
10 9 -0.34598371
11 9 0.527779769
12 9 -0.00229834646
13 9 -0.860311735
14 9 0.837068766
15 9 -2.74945343
16 9 0.0320735434
17 9 -0.060255685
18 9 -0.00163953786
19 9 -1.13932599
20 9 0.91328335
21 9 -1.76915301
22 9 0.0332939917
23 9 -0.00858163143
24 9 -0.00344177365
25 9 -0.707886737
26 9 0.229605527
27 9 -1.39419004
28 9 0.0083571773
29 9 -0.0212440594
30 9 -0.000184547307
31 9 -1.02428925
32 9 0.14940207
33 9 -0.932591966
34 9 0.0028691007
35 9 0.0145151808
36 9 -5.40210013e-05
37 9 -0.650600495
38 9 0.149341425
39 9 -0.643839757
40 9 0.00471042294
41 9 -0.000320381333
42 9 -0.00114362142
43 9 -0.457874752
44 9 0.00461576638
45 9 -0.453563071
46 9 0.000449902045
47 9 0.00250091988
48 9 -2.10475153e-05
49 9 -0.555466946
50 9 0.0492926866
51 9 -0.426389117
52 9 0.00125076748
53 9 0.00950234968
54 9 -0.000365295909
55 9 -0.284501384
56 9 0.0957402652
57 9 -0.180461013
58 9 0.00214555633
59 9 0.00369956085
60 9 -0.00042614393
61 9 -0.392733083
62 9 0.121920581
63 9 -0.143969389
64 9 0.00335291435
65 9 0.00500077236
66 9 -0.000703621332
67 9 -0.433019343
68 9 0.108911545
69 9 -0.139699916
70 9 0.00251293158
71 9 0.00661033251
72 9 -0.000599411772
73 9 -0.178996047
74 9 0.042979045
75 9 -0.0817016041
76 9 0.00107396902
77 9 0.00144110348
78 9 -0.000303984049
79 9 -0.114467311
80 9 0.0021935356
81 9 -0.0322746313
82 9 -8.84405589e-05
83 9 0.00110328277
84 9 2.36810647e-05
85 9 -0.226190183
86 9 -0.00656800333
87 9 -0.0352513585
88 9 0.000221335042
89 9 0.00253286873
90 9 -0.000177344015
91 9 -0.221906575
92 9 0.0116935925
93 9 -0.0295304276
94 9 0.000272937225
95 9 0.00263385382
96 9 -6.48456232e-05
97 9 -0.126883656
98 9 0.0807626015
99 9 -0.0329670942
100 9 0.00147109716
101 9 0.00165024214
102 9 -0.000553732263
103 9 -0.118869627
104 9 0.0314295917
105 9 -0.00842142004
106 9 0.000479541996
107 9 0.00164731683
108 9 -0.00017710441
109 9 -0.113822043
110 9 0.0295640511
111 9 -0.00971582878
112 9 0.000457836224
113 9 0.001583681
114 9 -0.000159651258
115 9 -0.128292264
116 9 0.0352759249
117 9 -0.00924931818
118 9 0.000529571883
119 9 0.00173444212
120 9 -0.000204080143
1 10 0.046870199
2 10 -0.87167456
3 10 0.0164229651
4 10 -0.333704174
5 10 -0.0670703839
6 10 0.138430452
7 10 0.107202082
8 10 5.43202925
9 10 -0.34598371
10 10 0.884777034
11 10 -0.010151306
12 10 -0.341464289
13 10 0.00189546784
14 10 -0.796155414
15 10 0.0341060919
16 10 -0.181675271
17 10 -0.00920054382
18 10 0.0789925401
19 10 -0.018228359
20 10 -0.338870071
21 10 0.0319654494
22 10 -0.0192983595
23 10 0.00325693832
24 10 0.0055654843
25 10 0.00256226403
26 10 -0.31502268
27 10 0.00576125865
28 10 -0.0307710792
29 10 -0.00189691893
30 10 0.0137447377
31 10 -0.00637302617
32 10 -0.144430796
33 10 0.00245403118
34 10 -0.0032865809
35 10 2.22373835e-05
36 10 7.80978144e-05
37 10 0.0591516647
38 10 -0.368186493
39 10 -0.0253433074
40 10 -0.0781004141
41 10 -0.0230838355
42 10 0.037764264
43 10 -0.00381643297
44 10 -0.0882665791
45 10 -0.000492128595
46 10 -0.002560214
47 10 3.46707308e-05
48 10 0.000552776171
49 10 -0.00477394519
50 10 -0.0538571628
51 10 0.00134864788
52 10 -0.00102810749
53 10 4.15116008e-05
54 10 -1.42458508e-06
55 10 -0.00136066033
56 10 -0.0408521469
57 10 0.00245994834
58 10 -0.000934519906
59 10 1.88304271e-05
60 10 0.00013167775
61 10 -0.000157272059
62 10 -0.0310195995
63 10 0.00326838284
64 10 -0.000731622242
65 10 6.17921211e-07
66 10 0.000100845995
67 10 -0.000669592437
68 10 -0.0283085777
69 10 0.00251668717
70 10 -0.000545599318
71 10 3.73145192e-06
72 10 1.86414734e-05
73 10 -0.00044467609
74 10 -0.0299163383
75 10 0.00127392983
76 10 -0.000781213349
77 10 5.75114755e-06
78 10 0.000248460376
79 10 -0.000850194141
80 10 -0.0139720988
81 10 1.72310706e-05
82 10 -0.000339696393
83 10 1.33609612e-05
84 10 0.000105102555
85 10 -0.000910932873
86 10 -0.0101635673
87 10 0.000278959834
88 10 -0.00018295117
89 10 1.03685522e-05
90 10 2.91810222e-05
91 10 -0.000372038926
92 10 -0.00829257925
93 10 0.000241699092
94 10 -0.000118583183
95 10 3.72070445e-06
96 10 3.09084636e-06
97 10 0.000464934508
98 10 -0.0127798942
99 10 0.0012819443
100 10 -0.00022970805
101 10 -5.65972202e-06
102 10 6.45658486e-05
103 10 -0.000203425988
104 10 -0.00530371464
105 10 0.000518673383
106 10 -8.49964318e-05
107 10 1.16736778e-06
108 10 7.31579106e-06
109 10 -9.66730221e-05
110 10 -0.00495551889
111 10 0.000447749535
112 10 -8.06335101e-05
113 10 -3.35098283e-07
114 10 6.10244087e-06
115 10 5.01549696e-05
116 10 -0.00529180189
117 10 0.000530024268
118 10 -8.33267744e-05
119 10 -2.41937568e-06
120 10 8.78356769e-06
1 11 0.608185585
2 11 0.00213402283
3 11 -0.0846264653
4 11 -0.0111194961
5 11 -0.149299993
6 11 0.0107392121
7 11 -5.30678822
8 11 -0.104903736
9 11 0.527779769
10 11 -0.010151306
11 11 1.07358985
12 11 -0.0459046774
13 11 0.599320918
14 11 0.0160341738
15 11 -0.0843365875
16 11 -0.00381265685
17 11 -0.0951161868
18 11 0.00689137636
19 11 0.358663371
20 11 0.0329369963
21 11 -0.024801885
22 11 0.00502059477
23 11 -0.030008332
24 11 -0.000593090907
25 11 0.271911067
26 11 0.00280829473
27 11 -0.0421476373
28 11 -0.000804720575
29 11 -0.0284218863
30 11 0.00171754889
31 11 0.136602314
32 11 0.00614957091
33 11 0.00577310906
34 11 1.8292058e-05
35 11 -0.00330474935
36 11 1.5398029e-05
37 11 0.153096683
38 11 -0.00661527096
39 11 -0.0240684992
40 11 -0.00291061861
41 11 -0.0177677451
42 11 0.0016829065
43 11 0.0828797903
44 11 0.00236521558
45 11 -0.00695298515
46 11 -7.92145577e-07
47 11 -0.00259987731
48 11 -1.78999629e-05
49 11 0.0520765291
50 11 0.00286905219
51 11 0.00265312108
52 11 4.88848888e-06
53 11 -0.0010574283
54 11 4.23286195e-05
55 11 0.0394947863
56 11 0.000311370634
57 11 -0.00297329294
58 11 -4.60788689e-06
59 11 -0.000947978137
60 11 6.21427139e-05
61 11 0.0298274897
62 11 -0.000238103012
63 11 -0.000933417527
64 11 -5.07841349e-06
65 11 -0.000734840527
66 11 0.000108045801
67 11 0.0284464882
68 11 0.000100262934
69 11 0.000405200001
70 11 -4.67770528e-06
71 11 -0.000559865831
72 11 6.44446862e-05
73 11 0.0275491138
74 11 0.000250808271
75 11 -0.00574506781
76 11 -7.14670692e-07
77 11 -0.000781993627
78 11 2.98756885e-05
79 11 0.0133616154
80 11 0.000502450872
81 11 -0.00268397666
82 11 3.47908054e-06
83 11 -0.000347550324
84 11 -9.08774075e-06
85 11 0.0110691291
86 11 0.000705830757
87 11 -0.000689515567
88 11 8.03956132e-06
89 11 -0.000199845018
90 11 1.18009852e-05
91 11 0.00865026226
92 11 0.000381763076
93 11 -7.73342036e-05
94 11 4.16742344e-06
95 11 -0.000125204731
96 11 3.92699393e-06
97 11 0.0115819677
98 11 0.000166245885
99 11 -0.00242247942
100 11 6.45228318e-06
101 11 -0.000227219494
102 11 2.66698781e-05
103 11 0.0058292042
104 11 0.000493151125
105 11 -0.000419935669
106 11 5.78165991e-06
107 11 -9.26072323e-05
108 11 7.21387614e-06
109 11 0.00523677673
110 11 0.000380594181
111 11 -0.000251904805
112 11 4.2536648e-06
113 11 -8.49327355e-05
114 11 6.64278123e-06
115 11 0.00561017768
116 11 0.000459787421
117 11 -0.000373324081
118 11 5.47594848e-06
119 11 -8.81302917e-05
120 11 7.42982485e-06
1 12 -0.0750094054
2 12 0.210064345
3 12 0.0081446804
4 12 0.141460446
5 12 0.0360746916
6 12 -0.0621160526
7 12 0.35040953
8 12 -0.53010931
9 12 -0.00229834646
10 12 -0.341464289
11 12 -0.0459046774
12 12 0.161069342
13 12 -0.0454192885
14 12 0.15298783
15 12 -0.000327824685
16 12 0.0748280253
17 12 0.00843886477
18 12 -0.0360130584
19 12 -0.030368676
20 12 -0.00248443634
21 12 -0.000805575344
22 12 0.00527057432
23 12 0.000380681399
24 12 -0.0034015741
25 12 -0.0151761354
26 12 0.0434793185
27 12 0.00164155971
28 12 0.0123343125
29 12 0.00226167383
30 12 -0.00703513015
31 12 -0.0035512226
32 12 -0.0177285783
33 12 0.000127991056
34 12 -0.000161841477
35 12 3.42390899e-05
36 12 -0.00041862968
37 12 -0.0319492392
38 12 0.0999044475
39 12 0.0125009353
40 12 0.0323857171
41 12 0.0105922517
42 12 -0.0164168411
43 12 -0.00118529524
44 12 -0.0027453182
45 12 6.78610623e-05
46 12 0.000245648654
47 12 2.27590848e-05
48 12 -0.00030881848
49 12 -0.00338184249
50 12 -0.0112390101
51 12 9.27151733e-05
52 12 -0.000162748265
53 12 5.43665112e-05
54 12 -0.000136943749
55 12 -0.00299350923
56 12 -0.00405360864
57 12 0.000457499059
58 12 -4.14159137e-05
59 12 6.12616275e-05
60 12 -7.40611901e-05
61 12 -0.00407163874
62 12 -0.00573167996
63 12 0.000761780351
64 12 -6.21177676e-05
65 12 0.000115039001
66 12 -6.71542728e-05
67 12 -0.0030979558
68 12 -0.00721113202
69 12 0.000607649149
70 12 -0.000115464356
71 12 6.86739832e-05
72 12 -3.99941886e-05
73 12 -0.00133937138
74 12 -0.00105835361
75 12 0.000292270381
76 12 2.74143372e-05
77 12 2.7719362e-05
78 12 -6.44773075e-05
79 12 -0.000130653697
80 12 -0.00100843804
81 12 -2.63830649e-05
82 12 7.98773763e-07
83 12 -6.25297835e-06
84 12 -2.39796042e-05
85 12 -0.00108923498
86 12 -0.00265466098
87 12 7.66937794e-05
88 12 -3.13264736e-05
89 12 1.86461707e-05
90 12 -1.13677623e-05
91 12 -0.000463299892
92 12 -0.00286202476
93 12 6.71684379e-05
94 12 -3.90426197e-05
95 12 8.01807528e-06
96 12 -5.19782983e-06
97 12 -0.00175421224
98 12 -0.00156439725
99 12 0.000534254097
100 12 -2.50143452e-05
101 12 3.24327434e-05
102 12 -1.7408506e-05
103 12 -0.000776498678
104 12 -0.00173710762
105 12 0.000212325491
106 12 -2.66711832e-05
107 12 1.09238456e-05
108 12 -3.17715507e-06
109 12 -0.000696089487
110 12 -0.00168094714
111 12 0.000180924533
112 12 -2.59423473e-05
113 12 9.87238221e-06
114 12 -3.31787398e-06
115 12 -0.000761060719
116 12 -0.00180348761
117 12 0.000228529801
118 12 -2.64285523e-05
119 12 1.04009839e-05
120 12 -2.7719735e-06
1 13 -15.8990841
2 13 -1.38311949
3 13 -0.412025509
4 13 0.0100211924
5 13 0.490648927
6 13 -0.0406753644
7 13 -19.8806489
8 13 -1.98252269
9 13 -0.860311735
10 13 0.00189546784
11 13 0.599320918
12 13 -0.0454192885
13 13 200.771704
14 13 10.2314013
15 13 1.68471424
16 13 0.0846192344
17 13 -4.70654259
18 13 0.302602115
19 13 -16.426474
20 13 -1.33711834
21 13 -0.795954434
22 13 -0.0178230188
23 13 0.387569059
24 13 -0.0351389753
25 13 -11.4792152
26 13 -0.780857899
27 13 -0.0828124326
28 13 -0.00426478738
29 13 0.282064268
30 13 -0.0116066481
31 13 -8.62403437
32 13 -0.649900712
33 13 -0.502260065
34 13 -0.00534158939
35 13 0.166114812
36 13 -0.00454544756
37 13 -6.99914653
38 13 -0.451357358
39 13 -0.072533331
40 13 0.0018078968
41 13 0.153262699
42 13 -0.00484887799
43 13 -4.88385373
44 13 -0.284575797
45 13 0.057830735
46 13 -0.000952453612
47 13 0.100468194
48 13 0.000671699891
49 13 -3.46158465
50 13 -0.240701435
51 13 -0.00994666373
52 13 -0.00141107164
53 13 0.0535261287
54 13 -0.000602480047
55 13 -3.0650324
56 13 -0.159821291
57 13 0.19616066
58 13 -0.00127719397
59 13 0.0504270698
60 13 -0.00245220249
61 13 -2.10006508
62 13 -0.0643142652
63 13 -0.0111546917
64 13 -0.000456412658
65 13 0.0367081084
66 13 -0.00418487776
67 13 -2.05536525
68 13 -0.0605640444
69 13 -0.0371705989
70 13 -0.000643976563
71 13 0.0292163261
72 13 -0.00149308181
73 13 -1.30997903
74 13 -0.0857832297
75 13 0.15122109
76 13 -0.000839345289
77 13 0.0255168528
78 13 -0.00127573174
79 13 -0.785317041
80 13 -0.0693180659
81 13 0.102534664
82 13 -0.000796735326
83 13 0.0141884553
84 13 -0.000128103745
85 13 -0.838044509
86 13 -0.0668937012
87 13 0.0240073103
88 13 -0.00076817185
89 13 0.0111704513
90 13 -0.000570143949
91 13 -0.744033034
92 13 -0.0378536769
93 13 0.0224027706
94 13 -0.000479023484
95 13 0.0088032258
96 13 -0.000166682495
97 13 -0.572299879
98 13 -0.0458984185
99 13 0.0366699956
100 13 -0.000588919156
101 13 0.00781213664
102 13 -0.000739222077
103 13 -0.432519105
104 13 -0.051699333
105 13 0.0427310254
106 13 -0.000625960243
107 13 0.00568879925
108 13 -0.000448831065
109 13 -0.467532489
110 13 -0.0801939639
111 13 0.0411795235
112 13 -0.00089150925
113 13 0.0059331779
114 13 -0.00041930115
115 13 -0.497768709
116 13 -0.0911798683
117 13 0.0518047552
118 13 -0.0010256937
119 13 0.0062886816
120 13 -0.000476511189
1 14 -1.78745224
2 14 -17.2961841
3 14 0.661444418
4 14 -0.673151241
5 14 -0.0319179361
6 14 0.148132654
7 14 -2.34837872
8 14 -22.1188653
9 14 0.837068766
10 14 -0.796155414
11 14 0.0160341738
12 14 0.15298783
13 14 10.2314013
14 14 223.406888
15 14 -9.51228803
16 14 4.99436447
17 14 -0.0840943002
18 14 -0.569306883
19 14 -1.27111324
20 14 -17.7747787
21 14 0.935525971
22 14 -0.394052618
23 14 0.0150159885
24 14 0.0104940302
25 14 -0.863162923
26 14 -13.4494549
27 14 0.0548138849
28 14 -0.311510915
29 14 0.00493240122
30 14 0.040626382
31 14 -0.834907201
32 14 -9.87772856
33 14 0.102861498
34 14 -0.175670151
35 14 0.00853765659
36 14 -0.00483124273
37 14 -0.591840667
38 14 -8.23191631
39 14 -0.0306184077
40 14 -0.209341093
41 14 -0.0117246728
42 14 0.0369642909
43 14 -0.487490888
44 14 -5.63900243
45 14 -0.155662747
46 14 -0.107720584
47 14 0.00460439235
48 14 0.00932187488
49 14 -0.460029952
50 14 -4.1606733
51 14 0.0239981192
52 14 -0.0586335495
53 14 0.00455561678
54 14 -0.00237882814
55 14 -0.326757012
56 14 -3.23602304
57 14 0.077118727
58 14 -0.0510911301
59 14 0.00366000911
60 14 0.00393850789
61 14 -0.158523812
62 14 -2.27872591
63 14 0.113325494
64 14 -0.0384318894
65 14 0.00171035438
66 14 0.000866165675
67 14 -0.172513836
68 14 -2.09586529
69 14 0.052332961
70 14 -0.0295009008
71 14 0.00201327858
72 14 -0.00115292208
73 14 -0.124874436
74 14 -1.40353348
75 14 0.0791158634
76 14 -0.0264836148
77 14 0.0014896632
78 14 0.00527900807
79 14 -0.102319546
80 14 -0.79075358
81 14 0.0293603683
82 14 -0.0140842185
83 14 0.00134483402
84 14 0.00269992426
85 14 -0.117681843
86 14 -0.806139967
87 14 0.00268205345
88 14 -0.0106751544
89 14 0.00131258681
90 14 0.000538292641
91 14 -0.0559774232
92 14 -0.780917698
93 14 0.0123028945
94 14 -0.00907965187
95 14 0.000669233778
96 14 7.35282902e-05
97 14 -0.0388844115
98 14 -0.592605388
99 14 0.050622061
100 14 -0.00816584304
101 14 0.000455879555
102 14 0.000236254811
103 14 -0.0420299067
104 14 -0.420954388
105 14 0.0365569504
106 14 -0.00555740233
107 14 0.000470368951
108 14 0.000348391949
109 14 -0.0722513198
110 14 -0.445181739
111 14 0.038395974
112 14 -0.00574890588
113 14 0.00075359909
114 14 0.000295653117
115 14 -0.0644348986
116 14 -0.478668881
117 14 0.0463079563
118 14 -0.0061040811
119 14 0.000650473284
120 14 0.000449507348
1 15 0.196141541
2 15 0.817138409
3 15 -2.15611018
4 15 0.0329590644
5 15 -0.0830825278
6 15 -9.99837788e-05
7 15 -0.433436922
8 15 0.949474276
9 15 -2.74945343
10 15 0.0341060919
11 15 -0.0843365875
12 15 -0.000327824685
13 15 1.68471424
14 15 -9.51228803
15 15 26.1902314
16 15 -0.299536813
17 15 0.490668667
18 15 -0.000524934203
19 15 -1.01258843
20 15 1.06597267
21 15 -2.09074265
22 15 0.0378340776
23 15 -0.0112189719
24 15 -0.00194863608
25 15 -0.374730013
26 15 0.209252454
27 15 -1.73727459
28 15 0.0122512891
29 15 -0.0254068699
30 15 -0.000421441538
31 15 -0.931346839
32 15 0.176830728
33 15 -1.20581568
34 15 0.005577595
35 15 0.010688309
36 15 -0.0001227366
37 15 -0.599734848
38 15 0.0939810454
39 15 -0.986795043
40 15 0.00500243702
41 15 -0.00219570674
42 15 -0.000601969987
43 15 -0.423042287
44 15 -0.0756088424
45 15 -0.637176297
46 15 0.00109063171
47 15 5.36602271e-05
48 15 -0.000138332787
49 15 -0.465901386
50 15 0.023955535
51 15 -0.512691831
52 15 0.00107597005
53 15 0.00848703706
54 15 -6.8514788e-05
55 15 -0.298927853
56 15 0.0431871393
57 15 -0.283553128
58 15 0.00206301133
59 15 0.0038207887
60 15 -0.000296427405
61 15 -0.422704413
62 15 0.122165587
63 15 -0.186932539
64 15 0.00400164499
65 15 0.00556033164
66 15 -0.000779120134
67 15 -0.488035842
68 15 0.0497896792
69 15 -0.151999828
70 15 0.00167399864
71 15 0.00691740488
72 15 -0.000292046328
73 15 -0.174583495
74 15 0.0593995006
75 15 -0.0817074441
76 15 0.00108543931
77 15 0.00113263947
78 15 -0.000244371342
79 15 -0.109534826
80 15 0.0169730101
81 15 -0.0351446506
82 15 9.31956438e-05
83 15 0.00089750477
84 15 -1.27437972e-06
85 15 -0.219706787
86 15 0.000475766796
87 15 -0.033304859
88 15 0.000297629771
89 15 0.0023855448
90 15 -0.000180102398
91 15 -0.217324915
92 15 0.0176283005
93 15 -0.0272689672
94 15 0.000332037965
95 15 0.00253136628
96 15 -7.29094044e-05
97 15 -0.160744437
98 15 0.0514102955
99 15 -0.013232234
100 15 0.000803173766
101 15 0.0023330491
102 15 -0.00025195056
103 15 -0.112722615
104 15 0.0326636924
105 15 -0.00786978836
106 15 0.000491974789
107 15 0.00152765953
108 15 -0.000166716861
109 15 -0.123091755
110 15 0.0270078239
111 15 -0.00705827993
112 15 0.000429898784
113 15 0.0016254764
114 15 -0.000155046083
115 15 -0.136819745
116 15 0.032476327
117 15 -0.00632090754
118 15 0.000499632521
119 15 0.0017694481
120 15 -0.000196716852
1 16 0.0107488239
2 16 -0.583156687
3 16 0.0187978396
4 16 -0.179931408
5 16 -0.0297949416
6 16 0.0739872099
7 16 -0.0181784798
8 16 -0.719981955
9 16 0.0320735434
10 16 -0.181675271
11 16 -0.00381265685
12 16 0.0748280253
13 16 0.0846192344
14 16 4.99436447
15 16 -0.299536813
16 16 0.665557189
17 16 -0.00386510653
18 16 -0.266390091
19 16 -0.0143090274
20 16 -0.402511072
21 16 0.0343050592
22 16 -0.0234546441
23 16 0.00118866605
24 16 0.00703098457
25 16 -0.00450051554
26 16 -0.328250874
27 16 0.00932763817
28 16 -0.0253632379
29 16 -0.000579082476
30 16 0.010459699
31 16 -0.00821619461
32 16 -0.17881574
33 16 0.00429971711
34 16 -0.00414848694
35 16 6.06741834e-05
36 16 0.000208894069
37 16 0.0227694787
38 16 -0.273638145
39 16 -0.00988404208
40 16 -0.0400091138
41 16 -0.0104417551
42 16 0.018499237
43 16 -0.00466014843
44 16 -0.112561314
45 16 -0.000503053117
46 16 -0.00322158235
47 16 5.72781015e-05
48 16 0.000685101308
49 16 -0.00439153049
50 16 -0.0594516383
51 16 0.000832773148
52 16 -0.00109157934
53 16 3.67683899e-05
54 16 6.59782709e-06
55 16 -0.00336940789
56 16 -0.0528008258
57 16 0.00244462057
58 16 -0.00110828917
59 16 4.02619235e-05
60 16 0.000138798315
61 16 -0.000877557481
62 16 -0.038965563
63 16 0.00380052305
64 16 -0.000865836786
65 16 1.16848711e-05
66 16 0.000100116494
67 16 -0.00165671984
68 16 -0.0290580494
69 16 0.00163671658
70 16 -0.000495429007
71 16 1.72499395e-05
72 16 4.39854349e-06
73 16 -0.00120868363
74 16 -0.0279988378
75 16 0.00132043736
76 16 -0.000709089388
77 16 1.71191431e-05
78 16 0.000228522423
79 16 -0.00132466478
80 16 -0.0149220354
81 16 0.000240704148
82 16 -0.000346967234
83 16 1.88617155e-05
84 16 0.000104425754
85 16 -0.00104776114
86 16 -0.0106997146
87 16 0.000319503825
88 16 -0.00018663393
89 16 1.20675822e-05
90 16 3.03258821e-05
91 16 -0.000523509954
92 16 -0.00881703644
93 16 0.000280713765
94 16 -0.000121707049
95 16 5.56953784e-06
96 16 4.0641553e-06
97 16 -0.000133607621
98 16 -0.00794744512
99 16 0.000744784799
100 16 -0.000125733435
101 16 2.48782584e-07
102 16 4.98663208e-06
103 16 -0.00024491072
104 16 -0.00545005245
105 16 0.00049944962
106 16 -8.42498123e-05
107 16 1.85883868e-06
108 16 7.60975601e-06
109 16 -0.000519413425
110 16 -0.0056199257
111 16 0.000503420799
112 16 -8.52287398e-05
113 16 4.32247373e-06
114 16 6.76311064e-06
115 16 -0.000368525418
116 16 -0.0059689537
117 16 0.000592100649
118 16 -8.8057039e-05
119 16 2.2459474e-06
120 16 9.54281543e-06
1 17 0.45244506
2 17 -0.00218404255
3 17 -0.0532813337
4 17 -0.00964565082
5 17 -0.096969083
6 17 0.00811610056
7 17 0.568013117
8 17 0.00438937731
9 17 -0.060255685
10 17 -0.00920054382
11 17 -0.0951161868
12 17 0.00843886477
13 17 -4.70654259
14 17 -0.0840943002
15 17 0.490668667
16 17 -0.00386510653
17 17 0.705614485
18 17 -0.036571292
19 17 0.396732949
20 17 0.0195903226
21 17 -0.0173475874
22 17 0.00200622702
23 17 -0.0269977641
24 17 0.000792106412
25 17 0.293855784
26 17 0.00347535052
27 17 -0.0371942906
28 17 -0.000437422066
29 17 -0.0243692083
30 17 0.001382139
31 17 0.16990475
32 17 0.00488627763
33 17 0.00300292902
34 17 -1.43260446e-05
35 17 -0.00417509269
36 17 0.0001103874
37 17 0.16903941
38 17 -0.00621042985
39 17 -0.0191133638
40 17 -0.00265555255
41 17 -0.0127740831
42 17 0.00151532655
43 17 0.104272102
44 17 0.0008971791
45 17 -0.00979850449
46 17 -4.41455459e-05
47 17 -0.00322825095
48 17 3.33846171e-05
49 17 0.0557374021
50 17 0.00116397046
51 17 0.00211723596
52 17 -2.22588637e-05
53 17 -0.00110436362
54 17 2.87883946e-05
55 17 0.0521249355
56 17 0.000806726884
57 17 -0.00392963312
58 17 -9.25935456e-06
59 17 -0.00112767862
60 17 7.32256594e-05
61 17 0.037982699
62 17 -0.000349241699
63 17 -0.00121859112
64 17 -1.02076373e-05
65 17 -0.000865092563
66 17 0.00012721649
67 17 0.0304006851
68 17 0.000240503425
69 17 0.000887263834
70 17 -3.08569844e-06
71 17 -0.00051522561
72 17 4.29943088e-05
73 17 0.0259082146
74 17 0.000500764527
75 17 -0.00506150398
76 17 -1.38864094e-06
77 17 -0.000696996511
78 17 2.37714298e-05
79 17 0.0144814301
80 17 0.000734450212
81 17 -0.00289921267
82 17 4.5763593e-06
83 17 -0.000353760102
84 17 -5.73651375e-06
85 17 0.0116489632
86 17 0.000675679069
87 17 -0.000801633132
88 17 7.14545036e-06
89 17 -0.0002025691
90 17 1.21110539e-05
91 17 0.00929231157
92 17 0.000376759091
93 17 -0.000224316253
94 17 3.83659864e-06
95 17 -0.000129635487
96 17 4.20066693e-06
97 17 0.00826754951
98 17 0.000295829595
99 17 -0.000313858843
100 17 2.91041677e-06
101 17 -0.000131080964
102 17 1.24624969e-05
103 17 0.00595516995
104 17 0.000431647422
105 17 -0.000479732262
106 17 4.79548667e-06
107 17 -9.18469782e-05
108 17 7.06092627e-06
109 17 0.0062204514
110 17 0.000708804241
111 17 -0.000433572568
112 17 7.31985847e-06
113 17 -9.3066819e-05
114 17 6.58165807e-06
115 17 0.00658712626
116 17 0.000802850282
117 17 -0.000577375657
118 17 8.66742136e-06
119 17 -9.6287522e-05
120 17 7.27263506e-06
