# name: debug
# type: sparse matrix
# nnz: 12996
# rows: 114
# columns: 114

1 1 5167.71659
2 1 2226.68119
3 1 27.4537621
4 1 6.04809425
5 1 -17.0455543
6 1 36.8318503
7 1 -240.649778
8 1 -146.845169
9 1 -6.72295832
10 1 -0.537232916
11 1 1.15463936
12 1 -3.36336191
13 1 -201.905285
14 1 -125.54762
15 1 -5.41395122
16 1 -0.429627071
17 1 0.992000329
18 1 -2.73320539
19 1 -188.436411
20 1 -116.552126
21 1 -4.79152548
22 1 -0.406666705
23 1 0.868580559
24 1 -2.42948629
25 1 -162.126614
26 1 -79.9480138
27 1 -4.37689974
28 1 -0.337128798
29 1 0.757543512
30 1 -2.08164182
31 1 -115.938716
32 1 -50.232185
33 1 -2.96745567
34 1 -0.220932546
35 1 0.476921103
36 1 -1.12243178
37 1 -169.70097
38 1 -124.366338
39 1 -7.41789118
40 1 -0.441632789
41 1 0.661606365
42 1 -1.9893267
43 1 -173.395085
44 1 -87.2274489
45 1 -4.53436252
46 1 -0.374327314
47 1 0.691760816
48 1 -2.04125337
49 1 -178.524809
50 1 -101.983625
51 1 -5.29529144
52 1 -0.389460586
53 1 0.78368592
54 1 -2.27052448
55 1 -149.230924
56 1 -85.1532916
57 1 -4.67225508
58 1 -0.28982381
59 1 0.555280462
60 1 -1.48197718
61 1 -144.313925
62 1 -72.6733347
63 1 -4.50994787
64 1 -0.294964088
65 1 0.575053608
66 1 -1.48652009
67 1 -139.757133
68 1 -69.9236606
69 1 -4.19113537
70 1 -0.277249089
71 1 0.551158736
72 1 -1.38439126
73 1 -157.469263
74 1 -91.4653621
75 1 -4.68671199
76 1 -0.340038368
77 1 0.638055215
78 1 -1.90624389
79 1 -121.398242
80 1 -69.8553754
81 1 -4.00399244
82 1 -0.250984808
83 1 0.507085225
84 1 -1.24457289
85 1 -82.161927
86 1 -33.4737678
87 1 -1.16617169
88 1 -0.137643041
89 1 0.332846677
90 1 -0.679731798
91 1 -124.579451
92 1 -62.4508193
93 1 -3.76649671
94 1 -0.276638573
95 1 0.511043341
96 1 -1.29356099
97 1 -119.528801
98 1 -25.4047804
99 1 -1.60091861
100 1 -0.222844237
101 1 0.512285352
102 1 -1.33946268
103 1 -129.500034
104 1 -51.7599973
105 1 -2.64829253
106 1 -0.256430872
107 1 0.551723873
108 1 -1.48085634
109 1 -103.431192
110 1 -42.8028784
111 1 -1.70630994
112 1 -0.217328367
113 1 0.45886515
114 1 -1.25841612
1 2 2226.68119
2 2 19350.8247
3 2 -497.454519
4 2 37.7176464
5 2 -6.05041596
6 2 21.1785527
7 2 -146.659452
8 2 -1061.82023
9 2 14.0991238
10 2 -3.43371373
11 2 0.534115566
12 2 -1.06390515
13 2 -125.404704
14 2 -904.359843
15 2 11.8914603
16 2 -3.00129779
17 2 0.429145132
18 2 -0.457232309
19 2 -116.347557
20 2 -847.445882
21 2 10.4253599
22 2 -2.7997387
23 2 0.405400824
24 2 -0.383182361
25 2 -79.8251155
26 2 -686.761725
27 2 9.35114899
28 2 -2.41599517
29 2 0.338103715
30 2 -0.0997831093
31 2 -50.1206011
32 2 -442.566345
33 2 7.13032091
34 2 -1.06893935
35 2 0.219292011
36 2 -1.28642142
37 2 -124.135477
38 2 -666.887974
39 2 9.61065429
40 2 -1.62586921
41 2 0.438383846
42 2 -2.84302779
43 2 -86.8754441
44 2 -719.974885
45 2 10.0177862
46 2 -1.71932155
47 2 0.371149065
48 2 -1.94563016
49 2 -101.676798
50 2 -737.679806
51 2 10.6825604
52 2 -1.87524642
53 2 0.386032621
54 2 -2.02330745
55 2 -84.8385226
56 2 -607.84955
57 2 8.68478041
58 2 -1.43600393
59 2 0.28688196
60 2 -1.5923622
61 2 -72.3119941
62 2 -602.293358
63 2 8.85793196
64 2 -1.44999882
65 2 0.291385067
66 2 -1.71145952
67 2 -69.4225368
68 2 -533.295169
69 2 8.6105971
70 2 -1.29919423
71 2 0.273373634
72 2 -1.72416742
73 2 -90.8100043
74 2 -632.272235
75 2 9.77146164
76 2 -1.58795709
77 2 0.335455742
78 2 -1.9580855
79 2 -69.3667011
80 2 -404.594199
81 2 7.78495915
82 2 -1.06295924
83 2 0.247494167
84 2 -1.36521861
85 2 -33.2454741
86 2 -178.44202
87 2 5.13643954
88 2 -0.522237437
89 2 0.135887591
90 2 -0.565028441
91 2 -62.0314972
92 2 -423.753488
93 2 8.0497052
94 2 -1.0773173
95 2 0.272944631
96 2 -1.45475481
97 2 -25.0941533
98 2 -491.580635
99 2 7.90968824
100 2 -1.17614094
101 2 0.21959524
102 2 -0.95066624
103 2 -51.4063564
104 2 -501.394852
105 2 8.58495744
106 2 -1.27928596
107 2 0.253086822
108 2 -1.09332861
109 2 -42.5323679
110 2 -426.571791
111 2 6.70808292
112 2 -1.10038187
113 2 0.214547878
114 2 -0.889432292
1 3 27.4537621
2 3 -497.454519
3 3 3117.71702
4 3 -6.15309555
5 3 -2.86887764
6 3 0.00232171253
7 3 -6.69288163
8 3 14.0265727
9 3 -88.3900784
10 3 0.402651544
11 3 0.176720563
12 3 0.00213029804
13 3 -5.38279869
14 3 11.7687145
15 3 -75.1317882
16 3 0.345297464
17 3 0.109140814
18 3 0.00123977928
19 3 -4.76391845
20 3 10.2491272
21 3 -69.8887764
22 3 0.288901694
23 3 0.0939664801
24 3 0.000333590846
25 3 -4.37039218
26 3 9.09020922
27 3 -58.9701573
28 3 0.250634049
29 3 0.0749932024
30 3 -0.00067832826
31 3 -2.96507053
32 3 6.94793713
33 3 -40.5527233
34 3 0.154567133
35 3 0.166756042
36 3 0.000526143744
37 3 -7.40517495
38 3 9.34580236
39 3 -56.7578077
40 3 0.224983784
41 3 0.315612541
42 3 0.00113906122
43 3 -4.53873106
44 3 9.56064153
45 3 -60.1866991
46 3 0.234704309
47 3 0.242929381
48 3 0.000394450904
49 3 -5.31009416
50 3 10.2667353
51 3 -63.6577502
52 3 0.275436751
53 3 0.246871027
54 3 0.000684406909
55 3 -4.699295
56 3 8.2670523
57 3 -53.1976822
58 3 0.177054534
59 3 0.196399625
60 3 0.000360430394
61 3 -4.52140755
62 3 8.34867263
63 3 -53.487817
64 3 0.188659094
65 3 0.219771602
66 3 0.000331687758
67 3 -4.22713418
68 3 8.02464661
69 3 -49.3267186
70 3 0.176850272
71 3 0.208568454
72 3 -0.000297297785
73 3 -4.77744504
74 3 8.90839143
75 3 -55.6667093
76 3 0.214308144
77 3 0.222054091
78 3 -0.0010010023
79 3 -4.08478518
80 3 7.14919907
81 3 -40.6326443
82 3 0.167010684
83 3 0.171580902
84 3 -0.000906468718
85 3 -1.19730213
86 3 4.81548402
87 3 -22.9068551
88 3 0.103087661
89 3 0.0834658305
90 3 -0.00037291197
91 3 -3.87302234
92 3 7.20490487
93 3 -41.7729396
94 3 0.166826283
95 3 0.190321712
96 3 -0.00178640361
97 3 -1.6452387
98 3 6.82896291
99 3 -44.2782816
100 3 0.171349084
101 3 0.156487242
102 3 -0.00134008844
103 3 -2.77060611
104 3 7.31809083
105 3 -46.8861299
106 3 0.188024145
107 3 0.163967767
108 3 -0.00203331295
109 3 -1.81377462
110 3 5.59535696
111 3 -39.2523925
112 3 0.156814079
113 3 0.132890559
114 3 -0.00174960171
1 4 6.04809425
2 4 37.7176464
3 4 -6.15309555
4 4 0.275620936
5 4 0.000317256621
6 4 -0.0904312347
7 4 -0.538161572
8 4 -3.43045617
9 4 0.402882356
10 4 -0.0405502573
11 4 0.000286994511
12 4 0.0498169419
13 4 -0.431904163
14 4 -2.99781099
15 4 0.346085477
16 4 -0.0387697632
17 4 0.00029151178
18 4 0.0533696374
19 4 -0.409485372
20 4 -2.79121192
21 4 0.289644729
22 4 -0.0353303091
23 4 0.000272478239
24 4 0.0533019852
25 4 -0.341266879
26 4 -2.4059568
27 4 0.252069303
28 4 -0.0337337488
29 4 0.000304571352
30 4 0.054443697
31 4 -0.220914371
32 4 -1.0705347
33 4 0.155088566
34 4 -0.00578504937
35 4 0.000100835638
36 4 -0.00698077016
37 4 -0.442010117
38 4 -1.62986899
39 4 0.225924051
40 4 -0.00827372145
41 4 0.000237711705
42 4 -0.0135519164
43 4 -0.374017429
44 4 -1.7231778
45 4 0.235987623
46 4 -0.0085586174
47 4 0.000181447655
48 4 -0.0107274611
49 4 -0.388708038
50 4 -1.87977075
51 4 0.275962824
52 4 -0.011632651
53 4 0.000198412603
54 4 -0.010842057
55 4 -0.289232788
56 4 -1.44009288
57 4 0.178232197
58 4 -0.00654672519
59 4 0.000153870741
60 4 -0.00742380186
61 4 -0.294018678
62 4 -1.45400554
63 4 0.189974099
64 4 -0.00709449639
65 4 0.00014765183
66 4 -0.00916717056
67 4 -0.275980255
68 4 -1.30271478
69 4 0.178392299
70 4 -0.00645802297
71 4 0.000128253307
72 4 -0.00882986719
73 4 -0.338566592
74 4 -1.59276039
75 4 0.216655857
76 4 -0.00768506784
77 4 0.000176609965
78 4 -0.00960026788
79 4 -0.24970688
80 4 -1.0656457
81 4 0.168721752
82 4 -0.00606670746
83 4 0.000121378013
84 4 -0.00697782635
85 4 -0.137093642
86 4 -0.523279284
87 4 0.10394594
88 4 -0.00347825297
89 4 6.02533824e-05
90 4 -0.0037308689
91 4 -0.275552968
92 4 -1.07989866
93 4 0.169085727
94 4 -0.00579737599
95 4 0.000137827343
96 4 -0.00815160068
97 4 -0.221904384
98 4 -1.17934389
99 4 0.17405508
100 4 -0.00646179902
101 4 7.22474344e-05
102 4 -0.00787099123
103 4 -0.255551376
104 4 -1.2828712
105 4 0.191468579
106 4 -0.00703705251
107 4 0.000105874138
108 4 -0.00749989125
109 4 -0.216629547
110 4 -1.10358894
111 4 0.159865523
112 4 -0.00615848286
113 4 7.56068375e-05
114 4 -0.00639198172
1 5 -17.0455543
2 5 -6.05041596
3 5 -2.86887764
4 5 0.000317256621
5 5 0.276892392
6 5 -0.212287744
7 5 1.15491439
8 5 0.537305633
9 5 0.178288137
10 5 0.000312369019
11 5 -0.0394498279
12 5 0.0269996755
13 5 0.992001553
14 5 0.430761574
15 5 0.110957291
16 5 0.000221901921
17 5 -0.0377949195
18 5 0.0247530554
19 5 0.868888633
20 5 0.409865586
21 5 0.0972669015
22 5 0.000246837676
23 5 -0.0346075299
24 5 0.0196183249
25 5 0.75794664
26 5 0.34136621
27 5 0.0787047484
28 5 0.000189336578
29 5 -0.0331298351
30 5 0.0178094067
31 5 0.477221658
32 5 0.221306804
33 5 0.166734198
34 5 0.000111441306
35 5 -0.00551204382
36 5 0.00569184404
37 5 0.66252779
38 5 0.442862405
39 5 0.315782851
40 5 0.000259288809
41 5 -0.00770203275
42 5 0.00920312062
43 5 0.692665771
44 5 0.375898623
45 5 0.242524955
46 5 0.000206224697
47 5 -0.00801153972
48 5 0.00945803389
49 5 0.782668945
50 5 0.390580088
51 5 0.246011347
52 5 0.000230574739
53 5 -0.0110473694
54 5 0.0139706595
55 5 0.555555089
56 5 0.29090703
57 5 0.195898511
58 5 0.000174262911
59 5 -0.00608110436
60 5 0.00620252873
61 5 0.575277175
62 5 0.296343233
63 5 0.219076795
64 5 0.000176713032
65 5 -0.00658989299
66 5 0.00697743257
67 5 0.551846952
68 5 0.279163482
69 5 0.207788014
70 5 0.000160902345
71 5 -0.0060644406
72 5 0.00659704255
73 5 0.639825803
74 5 0.342945183
75 5 0.220980297
76 5 0.000217209725
77 5 -0.0071385834
78 5 0.00849055841
79 5 0.50820475
80 5 0.253213416
81 5 0.170677852
82 5 0.000155208144
83 5 -0.0058029666
84 5 0.00661868501
85 5 0.333617752
86 5 0.138925955
87 5 0.0829429905
88 5 7.96945118e-05
89 5 -0.00340440797
90 5 0.00389207658
91 5 0.513078665
92 5 0.279943265
93 5 0.189175412
94 5 0.000177762393
95 5 -0.0055051163
96 5 0.00637122741
97 5 0.514529725
98 5 0.225878427
99 5 0.155388485
100 5 0.000118305872
101 5 -0.00612409132
102 5 0.00743304692
103 5 0.554741368
104 5 0.26008694
105 5 0.162712117
106 5 0.000151692446
107 5 -0.00667517617
108 5 0.00796513222
109 5 0.461524863
110 5 0.220475961
111 5 0.131770819
112 5 0.000116054159
113 5 -0.00584429231
114 5 0.00707824638
1 6 36.8318503
2 6 21.1785527
3 6 0.00232171253
4 6 -0.0904312347
5 6 -0.212287744
6 6 1.86039558
7 6 -3.36097174
8 6 -1.07903837
9 6 0.00184314929
10 6 0.050047899
11 6 0.0270173433
12 6 -0.323997622
13 6 -2.72497791
14 6 -0.474669081
15 6 0.000399925133
16 6 0.0535640721
17 6 0.0245788337
18 6 -0.31118258
19 6 -2.42126887
20 6 -0.41495372
21 6 0.000569776552
22 6 0.0538035652
23 6 0.0195702646
24 6 -0.297533408
25 6 -2.0685606
26 6 -0.135963324
27 6 -0.000342347244
28 6 0.054963032
29 6 0.017577509
30 6 -0.285715724
31 6 -1.11887938
32 6 -1.28708523
33 6 0.000724436837
34 6 -0.00695897802
35 6 0.00565554914
36 6 -0.0306725487
37 6 -1.98371554
38 6 -2.8461813
39 6 0.00126589273
40 6 -0.0135012726
41 6 0.00913703749
42 6 -0.0508124732
43 6 -2.03017783
44 6 -1.94557379
45 6 0.000909808798
46 6 -0.0106785961
47 6 0.00935682432
48 6 -0.0545490065
49 6 -2.25087112
50 6 -2.02020313
51 6 0.000875454552
52 6 -0.0107879583
53 6 0.0138249448
54 6 -0.0653648517
55 6 -1.46968756
56 6 -1.59137813
57 6 0.000912643202
58 6 -0.00738744033
59 6 0.00611688762
60 6 -0.0396910705
61 6 -1.47293912
62 6 -1.70900921
63 6 0.000930250494
64 6 -0.00911114713
65 6 0.00687494496
66 6 -0.0403671424
67 6 -1.37139879
68 6 -1.72192263
69 6 0.000996571124
70 6 -0.00877693718
71 6 0.00648649414
72 6 -0.0373440295
73 6 -1.88886469
74 6 -1.95606419
75 6 0.00121178932
76 6 -0.00954726176
77 6 0.00832886274
78 6 -0.0493271597
79 6 -1.23213077
80 6 -1.36366419
81 6 0.00089374874
82 6 -0.00694244281
83 6 0.00649131579
84 6 -0.0338180906
85 6 -0.672990688
86 6 -0.56401944
87 6 0.000298603616
88 6 -0.00370616764
89 6 0.00381965635
90 6 -0.0169832352
91 6 -1.28159842
92 6 -1.45219361
93 6 0.00109123235
94 6 -0.00810462315
95 6 0.00623102167
96 6 -0.0325256148
97 6 -1.32563505
98 6 -0.948482931
99 6 0.000618990792
100 6 -0.00781289538
101 6 0.00725110082
102 6 -0.0370878725
103 6 -1.46538165
104 6 -1.09129045
105 6 0.000842959102
106 6 -0.00745215644
107 6 0.0077480489
108 6 -0.0414341762
109 6 -1.24456785
110 6 -0.887800946
111 6 0.000684318108
112 6 -0.00635190993
113 6 0.00687799168
114 6 -0.0373841105
1 7 -240.649778
2 7 -146.659452
3 7 -6.69288163
4 7 -0.538161572
5 7 1.15491439
6 7 -3.36097174
7 7 5318.05938
8 7 2283.45649
9 7 72.3233949
10 7 7.76405831
11 7 -20.8105777
12 7 45.1687028
13 7 -239.539489
14 7 -158.204555
15 7 -9.48611059
16 7 -0.631268303
17 7 1.3734152
18 7 -3.68376689
19 7 -214.193032
20 7 -144.007712
21 7 -7.98127139
22 7 -0.55584414
23 7 1.14463302
24 7 -3.18103003
25 7 -182.277308
26 7 -107.84367
27 7 -7.70644805
28 7 -0.464215325
29 7 0.972543248
30 7 -2.66274747
31 7 -128.834593
32 7 -71.9930388
33 7 -5.7630759
34 7 -0.31691398
35 7 0.615452465
36 7 -1.47092579
37 7 -164.936152
38 7 -123.99296
39 7 -10.4834263
40 7 -0.516182743
41 7 0.796959068
42 7 -2.18389877
43 7 -193.175178
44 7 -104.182534
45 7 -7.68823775
46 7 -0.534377645
47 7 0.981950606
48 7 -2.73385011
49 7 -199.387772
50 7 -122.485535
51 7 -8.66928423
52 7 -0.555036755
53 7 1.07878035
54 7 -3.0134022
55 7 -160.112018
56 7 -89.0959684
57 7 -7.05396716
58 7 -0.384312947
59 7 0.761113421
60 7 -1.97790977
61 7 -161.829901
62 7 -79.2247709
63 7 -5.61568311
64 7 -0.353108799
65 7 0.74838655
66 7 -1.93163639
67 7 -152.73613
68 7 -81.9715603
69 7 -6.37764415
70 7 -0.357052614
71 7 0.707596106
72 7 -1.75982872
73 7 -167.017393
74 7 -93.139515
75 7 -6.96035092
76 7 -0.430443442
77 7 0.820678663
78 7 -2.28673239
79 7 -134.500456
80 7 -78.2529236
81 7 -5.66322867
82 7 -0.349340298
83 7 0.707369809
84 7 -1.70391475
85 7 -90.6165977
86 7 -38.1957994
87 7 -2.35312915
88 7 -0.202024265
89 7 0.472081408
90 7 -0.935508384
91 7 -140.421981
92 7 -74.8453045
93 7 -5.7552903
94 7 -0.385257355
95 7 0.700626303
96 7 -1.79383144
97 7 -137.273275
98 7 -39.4281948
99 7 -4.26778733
100 7 -0.343618446
101 7 0.726422211
102 7 -1.86119065
103 7 -145.987632
104 7 -63.0561369
105 7 -4.63241588
106 7 -0.361185265
107 7 0.757315436
108 7 -1.94773101
109 7 -111.421674
110 7 -49.1819605
111 7 -2.98263248
112 7 -0.258988873
113 7 0.559009004
114 7 -1.44711214
1 8 -146.845169
2 8 -1061.82023
3 8 14.0265727
4 8 -3.43045617
5 8 0.537305633
6 8 -1.07903837
7 8 2283.45649
8 8 20497.0096
9 8 -528.711229
10 8 45.7531513
11 8 -7.76634559
12 8 33.3203142
13 8 -158.186496
14 8 -1119.00729
15 8 15.9057271
16 8 -3.90614941
17 8 0.630321578
18 8 -1.69221909
19 8 -143.886314
20 8 -1019.50611
21 8 13.4327839
22 8 -3.55221119
23 8 0.553953764
24 8 -1.44604736
25 8 -107.775779
26 8 -816.853368
27 8 11.8295669
28 8 -3.03740392
29 8 0.463491088
30 8 -1.22227627
31 8 -71.8863125
32 8 -512.3287
33 8 8.4943144
34 8 -1.4098067
35 8 0.314845109
36 8 -2.14507552
37 8 -123.801298
38 8 -663.60115
39 8 10.8421937
40 8 -1.92334105
41 8 0.512689048
42 8 -3.50253505
43 8 -103.838768
44 8 -826.840114
45 8 12.7391395
46 8 -2.32411595
47 8 0.530433562
48 8 -2.74079115
49 8 -122.148364
50 8 -866.397501
51 8 13.4814715
52 8 -2.51717029
53 8 0.550532991
54 8 -2.97746225
55 8 -88.7319595
56 8 -705.072649
57 8 10.6859434
58 8 -1.92379901
59 8 0.380273707
60 8 -2.23251108
61 8 -78.907557
62 8 -733.310272
63 8 10.9451589
64 8 -1.94073654
65 8 0.349151302
66 8 -2.05991879
67 8 -81.408964
68 8 -610.786327
69 8 10.2919458
70 8 -1.66916882
71 8 0.352215088
72 8 -2.31548961
73 8 -92.457214
74 8 -687.307686
75 8 11.5039919
76 8 -1.92720415
77 8 0.424691151
78 8 -2.45680041
79 8 -77.6973485
80 8 -481.855207
81 8 9.4809587
82 8 -1.41758938
83 8 0.344607975
84 8 -1.87508872
85 8 -37.9253815
86 8 -193.386502
87 8 6.27628491
88 8 -0.675364191
89 8 0.199458224
90 8 -0.850439965
91 8 -74.335818
92 8 -535.821344
93 8 9.82183225
94 8 -1.50085383
95 8 0.380050356
96 8 -2.12958456
97 8 -39.003583
98 8 -619.643353
99 8 10.0543664
100 8 -1.67912483
101 8 0.338528138
102 8 -1.73492187
103 8 -62.6394832
104 8 -587.189948
105 8 10.660101
106 8 -1.65904572
107 8 0.356425868
108 8 -1.70266094
109 8 -48.9011246
110 8 -473.336201
111 8 7.79516434
112 8 -1.31085153
113 8 0.255604885
114 8 -1.26260916
1 9 -6.72295832
2 9 14.0991238
3 9 -88.3900784
4 9 0.402882356
5 9 0.178288137
6 9 0.00184314929
7 9 72.3233949
8 9 -528.711229
9 9 3259.51174
10 9 -7.68847624
11 9 -4.82702131
12 9 0.0022872793
13 9 -9.47796058
14 9 15.8396157
15 9 -98.4856916
16 9 0.491585422
17 9 0.285323741
18 9 0.00141450507
19 9 -7.96667353
20 9 13.2885009
21 9 -88.9101537
22 9 0.394482312
23 9 0.224447962
24 9 0.000778348725
25 9 -7.72021979
26 9 11.5687669
27 9 -74.5492389
28 9 0.331194157
29 9 0.203057053
30 9 -0.000420141355
31 9 -5.77228919
32 9 8.31975873
33 9 -49.1857927
34 9 0.203145882
35 9 0.261895837
36 9 0.000691546994
37 9 -10.4631846
38 9 10.6335507
39 9 -62.9609612
40 9 0.278951982
41 9 0.429584495
42 9 0.00143409157
43 9 -7.68996924
44 9 12.2832252
45 9 -74.7002638
46 9 0.349898978
47 9 0.383305663
48 9 0.000573779432
49 9 -8.68136879
50 9 13.082624
51 9 -79.3270528
52 9 0.391901432
53 9 0.394823185
54 9 0.00102425564
55 9 -7.06542563
56 9 10.2762188
57 9 -65.0638412
58 9 0.254959505
59 9 0.30143084
60 9 0.000771790713
61 9 -5.63340653
62 9 10.3918548
63 9 -66.5423962
64 9 0.248943142
65 9 0.278030659
66 9 0.000493920972
67 9 -6.41840827
68 9 9.6663409
69 9 -58.8806985
70 9 0.232576884
71 9 0.296137667
72 9 -0.000291140371
73 9 -7.04483311
74 9 10.6236785
75 9 -64.2749263
76 9 0.286205821
77 9 0.318366003
78 9 -0.000999079346
79 9 -5.74500478
80 9 8.7639127
81 9 -49.296554
82 9 0.245044313
83 9 0.257276473
84 9 -0.00103633691
85 9 -2.38329398
86 9 5.94697721
87 9 -26.5477358
88 9 0.155029783
89 9 0.14073222
90 9 -0.000419302821
91 9 -5.87888302
92 9 8.78192884
93 9 -52.4162664
94 9 0.239375873
95 9 0.290652902
96 9 -0.0024115278
97 9 -4.33096723
98 9 8.72364931
99 9 -56.7794505
100 9 0.253212794
101 9 0.27485874
102 9 -0.00220705135
103 9 -4.77742437
104 9 9.19349351
105 9 -56.8688586
106 9 0.26572366
107 9 0.256378908
108 9 -0.00293721209
109 9 -3.11215063
110 9 6.57653659
111 9 -44.9929674
112 9 0.187932693
113 9 0.177634411
114 9 -0.0023645545
1 10 -0.537232916
2 10 -3.43371373
3 10 0.402651544
4 10 -0.0405502573
5 10 0.000312369019
6 10 0.050047899
7 10 7.76405831
8 10 45.7531513
9 10 -7.68847624
10 10 0.35602619
11 10 0.000447297491
12 10 -0.00182426109
13 10 -0.632492876
14 10 -3.90652284
15 10 0.491971646
16 10 -0.0465097477
17 10 0.00041592494
18 10 0.0447083363
19 10 -0.557795349
20 10 -3.5479823
21 10 0.395090253
22 10 -0.0412609333
23 10 0.000330142752
24 10 0.0471769067
25 10 -0.467370768
26 10 -3.03189582
27 10 0.332399679
28 10 -0.038374255
29 10 0.000329247088
30 10 0.0490018493
31 10 -0.316654743
32 10 -1.41102787
33 10 0.203568838
34 10 -0.00861972149
35 10 0.000147792578
36 10 -0.0110336448
37 10 -0.516139239
38 10 -1.9268021
39 10 0.27968917
40 10 -0.0118673328
41 10 0.000275575617
42 10 -0.0186195696
43 10 -0.533185714
44 10 -2.32765446
45 10 0.35099539
46 10 -0.0148594076
47 10 0.000285091726
48 10 -0.0180813786
49 10 -0.552977344
50 10 -2.52133241
51 10 0.391952823
52 10 -0.0179735435
53 10 0.00029659521
54 10 -0.0185040219
55 10 -0.382689379
56 10 -1.92811527
57 10 0.255887565
58 10 -0.0112820486
59 10 0.000196274064
60 10 -0.0128315423
61 10 -0.351574278
62 10 -1.94494519
63 10 0.250244059
64 10 -0.0106467976
65 10 0.00017026632
66 10 -0.0120103756
67 10 -0.354800584
68 10 -1.67249043
69 10 0.234087454
70 10 -0.00970153079
71 10 0.000174862423
72 10 -0.0128624856
73 10 -0.427727899
74 10 -1.93132548
75 10 0.288416356
76 10 -0.0117617677
77 10 0.000208236395
78 10 -0.0145137913
79 10 -0.346853432
80 10 -1.41993298
81 10 0.246678196
82 10 -0.0103946452
83 10 0.000162805347
84 10 -0.0119380751
85 10 -0.200703831
86 10 -0.675913867
87 10 0.155694068
88 10 -0.0062674573
89 10 0.000103667891
90 10 -0.00677443919
91 10 -0.383004743
92 10 -1.50334058
93 10 0.242002742
94 10 -0.0098611373
95 10 0.000182647453
96 10 -0.0135532668
97 10 -0.341414709
98 10 -1.68246296
99 10 0.256543734
100 10 -0.011287599
101 10 0.000136839643
102 10 -0.0139882298
103 10 -0.359245617
104 10 -1.66213646
105 10 0.269573106
106 10 -0.0112263848
107 10 0.00016098146
108 10 -0.0122929542
109 10 -0.257797748
110 10 -1.31356892
111 10 0.19122038
112 10 -0.00812867753
113 10 0.000101953679
114 10 -0.00823240783
1 11 1.15463936
2 11 0.534115566
3 11 0.176720563
4 11 0.000286994511
5 11 -0.0394498279
6 11 0.0270173433
7 11 -20.8105777
8 11 -7.76634559
9 11 -4.82702131
10 11 0.000447297491
11 11 0.357495732
12 11 -0.282474582
13 11 1.37313585
14 11 0.630352349
15 11 0.285585337
16 11 0.000357267643
17 11 -0.0451954281
18 11 0.032042969
19 11 1.14492892
20 11 0.557426684
21 11 0.226437581
22 11 0.000315855725
23 11 -0.0401749214
24 11 0.0248753152
25 11 0.972988946
26 11 0.467070189
27 11 0.20544396
28 11 0.000255497456
29 11 -0.0374789187
30 11 0.0213580064
31 11 0.615556588
32 11 0.31685707
33 11 0.261645338
34 11 0.000159572612
35 11 -0.00821746171
36 11 0.00787493091
37 11 0.797383618
38 11 0.516738238
39 11 0.429633207
40 11 0.000299724655
41 11 -0.0111904534
42 11 0.0117265129
43 11 0.982034212
44 11 0.535571416
45 11 0.382313166
46 11 0.000323530118
47 11 -0.0140686859
48 11 0.015692926
49 11 1.07634773
50 11 0.555233055
51 11 0.393014361
52 11 0.000336796656
53 11 -0.017123328
54 11 0.0202714126
55 11 0.760474602
56 11 0.385016088
57 11 0.300365814
58 11 0.000233498028
59 11 -0.0106053823
60 11 0.0103902502
61 11 0.748037262
62 11 0.353975642
63 11 0.276881641
64 11 0.000205810033
65 11 -0.00989923902
66 11 0.00944773792
67 11 0.707792321
68 11 0.358754347
69 11 0.294837023
70 11 0.00022062811
71 11 -0.00918410462
72 11 0.00901478828
73 11 0.821672376
74 11 0.43310631
75 11 0.316540329
76 11 0.000270117693
77 11 -0.0111177196
78 11 0.0125124805
79 11 0.707849851
80 11 0.351660496
81 11 0.25558921
82 11 0.000222619436
83 11 -0.0100328838
84 11 0.0114291468
85 11 0.472433016
86 11 0.203349517
87 11 0.139723941
88 11 0.000139893364
89 11 -0.00619724931
90 11 0.0067546994
91 11 0.70258006
92 11 0.389200354
93 11 0.288689578
94 11 0.000250150722
95 11 -0.00941836909
96 11 0.0105766675
97 11 0.728504275
98 11 0.347564023
99 11 0.272843628
100 11 0.000213614941
101 11 -0.010763292
102 11 0.0120235118
103 11 0.760335725
104 11 0.36558798
105 11 0.254213694
106 11 0.000232740606
107 11 -0.0107463733
108 11 0.0122729301
109 11 0.561637552
110 11 0.262300344
111 11 0.176075657
112 11 0.000147861789
113 11 -0.0077340306
114 11 0.00836614942
1 12 -3.36336191
2 12 -1.06390515
3 12 0.00213029804
4 12 0.0498169419
5 12 0.0269996755
6 12 -0.323997622
7 12 45.1687028
8 12 33.3203142
9 12 0.0022872793
10 12 -0.00182426109
11 12 -0.282474582
12 12 2.18183902
13 12 -3.67745116
14 12 -1.69516229
15 12 0.00167316872
16 12 0.0446675224
17 12 0.0319427129
18 12 -0.345058741
19 12 -3.17446655
20 12 -1.46518648
21 12 0.00148703375
22 12 0.0474614251
23 12 0.0248565422
24 12 -0.325698863
25 12 -2.65134761
26 12 -1.24630955
27 12 0.00146549857
28 12 0.0492955067
29 12 0.0212373833
30 12 -0.307589428
31 12 -1.46659778
32 12 -2.14416607
33 12 0.00117571442
34 12 -0.0110114798
35 12 0.00783795773
36 12 -0.0428902402
37 12 -2.17762484
38 12 -3.50384821
39 12 0.00146586544
40 12 -0.0185646661
41 12 0.0116637331
42 12 -0.0634128273
43 12 -2.71813955
44 12 -2.73707882
45 12 0.00098764578
46 12 -0.0180155368
47 12 0.0155608069
48 12 -0.0809226147
49 12 -2.98662124
50 12 -2.96838965
51 12 0.00122186599
52 12 -0.0184301458
53 12 0.0200945436
54 12 -0.0927455146
55 12 -1.95995751
56 12 -2.2282001
57 12 0.000944069864
58 12 -0.0127707672
59 12 0.010272358
60 12 -0.0595411565
61 12 -1.91369891
62 12 -2.05471216
63 12 0.00106432191
64 12 -0.0119484996
65 12 0.00932990614
66 12 -0.0555668976
67 12 -1.74304036
68 12 -2.31019585
69 12 0.00117671295
70 12 -0.0127962461
71 12 0.00888698304
72 12 -0.0503757464
73 12 -2.26420743
74 12 -2.45095021
75 12 0.00137141606
76 12 -0.0144421603
77 12 0.0123075
78 12 -0.0652777483
79 12 -1.68540303
80 12 -1.87034578
81 12 0.000957401013
82 12 -0.0118814108
83 12 0.0112425118
84 12 -0.0515829654
85 12 -0.925555555
86 12 -0.847587257
87 12 0.000337568821
88 12 -0.00673643856
89 12 0.00665381265
90 12 -0.025821629
91 12 -1.77571176
92 12 -2.12352046
93 12 0.0014153282
94 12 -0.0134810087
95 12 0.0103665429
96 12 -0.0512416942
97 12 -1.8404598
98 12 -1.72863293
99 12 0.00114052285
100 12 -0.0139004578
101 12 0.0117576465
102 12 -0.0580117505
103 12 -1.92656661
104 12 -1.69687838
105 12 0.00134069958
106 12 -0.0122279916
107 12 0.0119823368
108 12 -0.0580773877
109 12 -1.43135563
110 12 -1.25864171
111 12 0.00123463909
112 12 -0.00819484406
113 12 0.00814922696
114 12 -0.0442690379
1 13 -201.905285
2 13 -125.404704
3 13 -5.38279869
4 13 -0.431904163
5 13 0.992001553
6 13 -2.72497791
7 13 -239.539489
8 13 -158.186496
9 13 -9.47796058
10 13 -0.632492876
11 13 1.37313585
12 13 -3.67745116
13 13 5175.17569
14 13 2461.53264
15 13 123.95124
16 13 8.34930408
17 13 -21.3519722
18 13 45.5315949
19 13 -249.205129
20 13 -183.723154
21 13 -10.6872503
22 13 -0.764647027
23 13 1.43840051
24 13 -3.97298745
25 13 -188.961525
26 13 -128.322243
27 13 -9.46120277
28 13 -0.570736179
29 13 1.14764273
30 13 -2.96918369
31 13 -127.601421
32 13 -80.9552654
33 13 -6.58511196
34 13 -0.337106119
35 13 0.637703892
36 13 -1.4776489
37 13 -154.195671
38 13 -125.203974
39 13 -10.4514439
40 13 -0.512124344
41 13 0.776898301
42 13 -2.04019289
43 13 -177.773797
44 13 -101.601828
45 13 -8.56376584
46 13 -0.555497418
47 13 1.01266932
48 13 -2.62313266
49 13 -191.396688
50 13 -118.012219
51 13 -9.34873793
52 13 -0.582283199
53 13 1.11692508
54 13 -3.02878076
55 13 -175.041273
56 13 -104.018047
57 13 -8.39301115
58 13 -0.488151421
59 13 0.958057364
60 13 -2.43366083
61 13 -165.780786
62 13 -98.2859745
63 13 -6.65550502
64 13 -0.423943912
65 13 0.850066784
66 13 -2.10411673
67 13 -157.826534
68 13 -91.7502381
69 13 -6.82417916
70 13 -0.389904867
71 13 0.718624964
72 13 -1.83417928
73 13 -154.571717
74 13 -89.6479731
75 13 -6.77855734
76 13 -0.395406794
77 13 0.766109452
78 13 -2.05360368
79 13 -130.968067
80 13 -69.9785462
81 13 -5.3300687
82 13 -0.32789189
83 13 0.716556327
84 13 -1.68389904
85 13 -88.9188699
86 13 -42.5634395
87 13 -2.63255093
88 13 -0.21262348
89 13 0.47023814
90 13 -0.936464078
91 13 -133.441026
92 13 -70.3691382
93 13 -5.36925213
94 13 -0.357901969
95 13 0.673273796
96 13 -1.65935146
97 13 -136.936038
98 13 -70.7183692
99 13 -5.20373593
100 13 -0.412046189
101 13 0.744585542
102 13 -1.93568565
103 13 -140.240049
104 13 -72.8463006
105 13 -5.11691049
106 13 -0.41833041
107 13 0.819413984
108 13 -2.04524275
109 13 -103.594251
110 13 -51.2348896
111 13 -3.1948189
112 13 -0.256142232
113 13 0.538206142
114 13 -1.31141241
1 14 -125.54762
2 14 -904.359843
3 14 11.7687145
4 14 -2.99781099
5 14 0.430761574
6 14 -0.474669081
7 14 -158.204555
8 14 -1119.00729
9 14 15.8396157
10 14 -3.90652284
11 14 0.630352349
12 14 -1.69516229
13 14 2461.53264
14 14 19880.6102
15 14 -521.666492
16 14 45.2612703
17 14 -8.35028047
18 14 35.6753796
19 14 -183.581458
20 14 -1097.43457
21 14 15.7614499
22 14 -3.92750002
23 14 0.762357242
24 14 -2.38322413
25 14 -128.240597
26 14 -796.581121
27 14 12.8108052
28 14 -3.15109565
29 14 0.570059548
30 14 -1.66841055
31 14 -80.8701464
32 14 -501.40907
33 14 8.64729429
34 14 -1.44624245
35 14 0.335222197
36 14 -2.2692519
37 14 -125.053304
38 14 -616.647676
39 14 10.3511156
40 14 -1.81673999
41 14 0.509057087
42 14 -3.53198465
43 14 -101.286551
44 14 -746.226254
45 14 12.3459495
46 14 -2.22629414
47 14 0.551784156
48 14 -2.77219935
49 14 -117.68764
50 14 -841.564426
51 14 13.4367675
52 14 -2.53997779
53 14 0.577717261
54 14 -3.082089
55 14 -103.61557
56 14 -724.077898
57 14 11.9593137
58 14 -2.08575654
59 14 0.483461419
60 14 -2.55376797
61 14 -97.9340746
62 14 -700.462752
63 14 11.2975266
64 14 -1.92134352
65 14 0.419757868
66 14 -2.28576333
67 14 -91.1911694
68 14 -628.832235
69 14 10.2596803
70 14 -1.68376833
71 14 0.385137799
72 14 -2.43199846
73 14 -89.0846041
74 14 -631.009033
75 14 10.6743678
76 14 -1.7793229
77 14 0.390413679
78 14 -2.17482529
79 14 -69.5127573
80 14 -472.807297
81 14 9.55009876
82 14 -1.39348323
83 14 0.323782874
84 14 -1.63327485
85 14 -42.3077881
86 14 -191.702981
87 14 6.29519794
88 14 -0.677681884
89 14 0.210132429
90 14 -0.858677005
91 14 -69.9474636
92 14 -506.780126
93 14 9.4012327
94 14 -1.39651239
95 14 0.353349855
96 14 -1.91533334
97 14 -70.2156737
98 14 -570.095196
99 14 9.77485344
100 14 -1.63373759
101 14 0.406570023
102 14 -2.17862809
103 14 -72.4007951
104 14 -541.6194
105 14 10.3678438
106 14 -1.63853853
107 14 0.413112103
108 14 -1.91283334
109 14 -50.9711207
110 14 -435.271433
111 14 7.20934706
112 14 -1.23667102
113 14 0.252860493
114 14 -1.22977709
1 15 -5.41395122
2 15 11.8914603
3 15 -75.1317882
4 15 0.346085477
5 15 0.110957291
6 15 0.000399925133
7 15 -9.48611059
8 15 15.9057271
9 15 -98.4856916
10 15 0.491971646
11 15 0.285585337
12 15 0.00167316872
13 15 123.95124
14 15 -521.666492
15 15 3191.02984
16 15 -7.9653056
17 15 -5.41432455
18 15 0.000976390357
19 15 -10.670335
20 15 15.6626693
21 15 -97.635905
22 15 0.515457171
23 15 0.352907576
24 15 0.00203265411
25 15 -9.4716589
26 15 12.5891389
27 15 -76.0661778
28 15 0.406394018
29 15 0.277156367
30 15 0.000824010354
31 15 -6.59784819
32 15 8.51085721
33 15 -49.3300142
34 15 0.214712599
35 15 0.284371139
36 15 0.000703361267
37 15 -10.4335368
38 15 10.2028986
39 15 -58.6444201
40 15 0.27704746
41 15 0.433811942
42 15 0.00140235562
43 15 -8.56007639
44 15 11.9959666
45 15 -69.9700355
46 15 0.369834409
47 15 0.417059442
48 15 0.00061092813
49 15 -9.35329293
50 15 13.1260387
51 15 -77.6348292
52 15 0.415691141
53 15 0.430094311
54 15 0.00126324307
55 15 -8.3936621
56 15 11.5964162
57 15 -68.3713946
58 15 0.339065811
59 15 0.365792766
60 15 0.00112785676
61 15 -6.67786193
62 15 10.8206572
63 15 -65.2614473
64 15 0.295784185
65 15 0.309143426
66 15 0.000609336523
67 15 -6.87599136
68 15 9.66615582
69 15 -58.9172829
70 15 0.238481103
71 15 0.306224708
72 15 -0.000322102613
73 15 -6.86005646
74 15 9.91135855
75 15 -59.7149416
76 15 0.267788068
77 15 0.293333664
78 15 -0.000750370021
79 15 -5.4085434
80 15 8.88436236
81 15 -48.4399715
82 15 0.25516615
83 15 0.242186199
84 15 -0.000936959427
85 15 -2.67122734
86 15 5.98119634
87 15 -26.304257
88 15 0.159095937
89 15 0.145284156
90 15 -0.000409704702
91 15 -5.48939924
92 15 8.45219246
93 15 -49.5285445
94 15 0.232269142
95 15 0.2703796
96 15 -0.00211417082
97 15 -5.32528345
98 15 8.57272348
99 15 -54.403395
100 15 0.259667362
101 15 0.299357119
102 15 -0.00279563426
103 15 -5.2704144
104 15 9.05098789
105 15 -54.287153
106 15 0.29505075
107 15 0.28849363
108 15 -0.00313257574
109 15 -3.3283654
110 15 6.12768278
111 15 -42.0521905
112 15 0.178430223
113 15 0.183440958
114 15 -0.00218916667
1 16 -0.429627071
2 16 -3.00129779
3 16 0.345297464
4 16 -0.0387697632
5 16 0.000221901921
6 16 0.0535640721
7 16 -0.631268303
8 16 -3.90614941
9 16 0.491585422
10 16 -0.0465097477
11 16 0.000357267643
12 16 0.0446675224
13 16 8.34930408
14 16 45.2612703
15 16 -7.9653056
16 16 0.382284959
17 16 0.000575849934
18 16 0.031154177
19 16 -0.765628132
20 16 -3.92344171
21 16 0.516267998
22 16 -0.0475215338
23 16 0.000484603196
24 16 0.0386930166
25 16 -0.572878223
26 16 -3.1455887
27 16 0.407911121
28 16 -0.0430491826
29 16 0.000420811558
30 16 0.0437622209
31 16 -0.336835229
32 16 -1.44722123
33 16 0.215025656
34 16 -0.00965861573
35 16 0.000173153249
36 16 -0.0122859521
37 16 -0.512107471
38 16 -1.81987293
39 16 0.277582473
40 16 -0.0126400661
41 16 0.000268956094
42 16 -0.0198293584
43 16 -0.554006565
44 16 -2.2291252
45 16 0.370548524
46 16 -0.0167143894
47 16 0.000326606413
48 16 -0.0208879639
49 16 -0.579803797
50 16 -2.54357483
51 16 0.415389286
52 16 -0.0199941518
53 16 0.000325972783
54 16 -0.0214446293
55 16 -0.485701021
56 16 -2.0894811
57 16 0.339279124
58 16 -0.0159889969
59 16 0.000288045414
60 16 -0.0181822758
61 16 -0.422011927
62 16 -1.92452663
63 16 0.296354637
64 16 -0.0134073888
65 16 0.000220772291
66 16 -0.0149693928
67 16 -0.387694487
68 16 -1.68687111
69 16 0.239847316
70 16 -0.00993281249
71 16 0.000217175834
72 16 -0.0136497169
73 16 -0.392897125
74 16 -1.7827549
75 16 0.269631036
76 16 -0.0112830588
77 16 0.000192541395
78 16 -0.0136365736
79 16 -0.325485937
80 16 -1.39538147
81 16 0.256546061
82 16 -0.0108302126
83 16 0.000150289951
84 16 -0.0114953245
85 16 -0.21129251
86 16 -0.678116881
87 16 0.159726031
88 16 -0.00645541946
89 16 0.000116378911
90 16 -0.00711382968
91 16 -0.355782208
92 16 -1.39840492
93 16 0.234508408
94 16 -0.0096757858
95 16 0.000166150035
96 16 -0.0128773806
97 16 -0.40996506
98 16 -1.63666984
99 16 0.262752988
100 16 -0.0115673684
101 16 0.000189376417
102 16 -0.0154527013
103 16 -0.415906164
104 16 -1.64088213
105 16 0.298286102
106 16 -0.0138360068
107 16 0.000189602644
108 16 -0.0159587607
109 16 -0.254713775
110 16 -1.2388994
111 16 0.18134334
112 16 -0.00856330623
113 16 0.00010262048
114 16 -0.0089234021
1 17 0.992000329
2 17 0.429145132
3 17 0.109140814
4 17 0.00029151178
5 17 -0.0377949195
6 17 0.0245788337
7 17 1.3734152
8 17 0.630321578
9 17 0.285323741
10 17 0.00041592494
11 17 -0.0451954281
12 17 0.0319427129
13 17 -21.3519722
14 17 -8.35028047
15 17 -5.41432455
16 17 0.000575849934
17 17 0.383760439
18 17 -0.317775326
19 17 1.43927304
20 17 0.765242461
21 17 0.354832109
22 17 0.000488616603
23 17 -0.0463475697
24 17 0.03369581
25 17 1.14856125
26 17 0.572667354
27 17 0.279458071
28 17 0.000354776906
29 17 -0.0421792456
30 17 0.0278182777
31 17 0.637682269
32 17 0.336910338
33 17 0.284116241
34 17 0.000184658147
35 17 -0.00922381508
36 17 0.00851039975
37 17 0.777100545
38 17 0.512573292
39 17 0.433927019
40 17 0.000292733059
41 17 -0.0120457763
42 17 0.0121821034
43 17 1.01220655
44 17 0.556462257
45 17 0.415973319
46 17 0.000370488985
47 17 -0.0160049844
48 17 0.0178681147
49 17 1.11389579
50 17 0.582050824
51 17 0.428095745
52 17 0.000371532571
53 17 -0.0191355035
54 17 0.0222317346
55 17 0.956167633
56 17 0.488870664
57 17 0.364243869
58 17 0.000353128528
59 17 -0.0153148558
60 17 0.0173570237
61 17 0.848627081
62 17 0.424867084
63 17 0.307624995
64 17 0.000273195139
65 17 -0.0127328384
66 17 0.0141968948
67 17 0.718789385
68 17 0.391634443
69 17 0.304844418
70 17 0.000263479318
71 17 -0.0093907318
72 17 0.00957250936
73 17 0.766703468
74 17 0.397474692
75 17 0.291632191
76 17 0.000249548701
77 17 -0.0106840471
78 17 0.0119542522
79 17 0.716691174
80 17 0.329793504
81 17 0.240534119
82 17 0.000207102468
83 17 -0.0104765684
84 17 0.0120948389
85 17 0.470468801
86 17 0.213864227
87 17 0.144239757
88 17 0.000153344236
89 17 -0.00637499864
90 17 0.00700810751
91 17 0.674755657
92 17 0.361230113
93 17 0.268521956
94 17 0.000229530622
95 17 -0.00929261878
96 17 0.0105010122
97 17 0.746892992
98 17 0.416764541
99 17 0.297126625
100 17 0.000268655704
101 17 -0.0110738828
102 17 0.0127290917
103 17 0.821725147
104 17 0.423210587
105 17 0.285843429
106 17 0.000289441158
107 17 -0.0134035919
108 17 0.0165305837
109 17 0.540257295
110 17 0.259144699
111 17 0.181882241
112 17 0.000155534898
113 17 -0.00818692121
114 17 0.0081538188
1 18 -2.73320539
2 18 -0.457232309
3 18 0.00123977928
4 18 0.0533696374
5 18 0.0247530554
6 18 -0.31118258
7 18 -3.68376689
8 18 -1.69221909
9 18 0.00141450507
10 18 0.0447083363
11 18 0.032042969
12 18 -0.345058741
13 18 45.5315949
14 18 35.6753796
15 18 0.000976390357
16 18 0.031154177
17 18 -0.317775326
18 18 2.25715165
19 18 -3.97171784
20 18 -2.40074528
21 18 0.000648350629
22 18 0.0390503156
23 18 0.0336040727
24 18 -0.354722086
25 18 -2.96234931
26 18 -1.69050008
27 18 8.83285051e-05
28 18 0.0441361001
29 18 0.0275750527
30 18 -0.324136523
31 18 -1.47391595
32 18 -2.2681015
33 18 0.00110587067
34 18 -0.0122635111
35 18 0.0084779454
36 18 -0.0447483093
37 18 -2.03503245
38 18 -3.53302267
39 18 0.00120370096
40 18 -0.0197698519
41 18 0.0121266649
42 18 -0.0633161721
43 18 -2.60810465
44 18 -2.76771219
45 18 0.000649075589
46 18 -0.0208134061
47 18 0.0177363781
48 18 -0.0841257101
49 18 -3.00194971
50 18 -3.07161298
51 18 0.00105444425
52 18 -0.021355335
53 18 0.0220520339
54 18 -0.0987339489
55 18 -2.41069139
56 18 -2.54751715
57 18 0.000398348495
58 18 -0.0180795891
59 18 0.0171795648
60 18 -0.0771583388
61 18 -2.08357177
62 18 -2.27926216
63 18 0.00072433948
64 18 -0.0148831853
65 18 0.0140367102
66 18 -0.0645050221
67 18 -1.81760729
68 18 -2.42623011
69 18 0.00115050714
70 18 -0.0135804213
71 18 0.00944335543
72 18 -0.0524144341
73 18 -2.03362714
74 18 -2.1691665
75 18 0.00116325148
76 18 -0.0135710249
77 18 0.0117682606
78 18 -0.0609669459
79 18 -1.66627275
80 18 -1.62859853
81 18 0.000732735956
82 18 -0.0114440641
83 18 0.0119139386
84 18 -0.0512480501
85 18 -0.926840209
86 18 -0.855614435
87 18 0.000326336014
88 18 -0.00707463951
89 18 0.00690765713
90 18 -0.0261857859
91 18 -1.64300677
92 18 -1.90949926
93 18 0.00120990419
94 18 -0.0128110282
95 18 0.0103069306
96 18 -0.0482611249
97 18 -1.91512237
98 18 -2.17132846
99 18 0.00146289121
100 18 -0.015357609
101 18 0.012457125
102 18 -0.060632743
103 18 -2.0211391
104 18 -1.90536092
105 18 0.00103050953
106 18 -0.0158601976
107 18 0.0161661221
108 18 -0.0682806717
109 18 -1.29706652
110 18 -1.22544135
111 18 0.00102849316
112 18 -0.00887783418
113 18 0.00795131185
114 18 -0.0426257361
1 19 -188.436411
2 19 -116.347557
3 19 -4.76391845
4 19 -0.409485372
5 19 0.868888633
6 19 -2.42126887
7 19 -214.193032
8 19 -143.886314
9 19 -7.96667353
10 19 -0.557795349
11 19 1.14492892
12 19 -3.17446655
13 19 -249.205129
14 19 -183.581458
15 19 -10.670335
16 19 -0.765628132
17 19 1.43927304
18 19 -3.97171784
19 19 5144.42956
20 19 2668.51046
21 19 120.616775
22 19 10.0148916
23 19 -23.6154084
24 19 50.8419051
25 19 -225.669243
26 19 -158.078619
27 19 -11.6405661
28 19 -0.839000704
29 19 1.6518653
30 19 -4.14641558
31 19 -151.448916
32 19 -102.101258
33 19 -8.30298207
34 19 -0.557606808
35 19 1.01571808
36 19 -2.32944896
37 19 -164.55236
38 19 -146.975358
39 19 -11.7686567
40 19 -0.648010509
41 19 0.970648303
42 19 -2.51679772
43 19 -186.692737
44 19 -125.781881
45 19 -9.78051443
46 19 -0.699333853
47 19 1.20558261
48 19 -3.10695518
49 19 -198.079029
50 19 -154.107961
51 19 -11.5630751
52 19 -0.823110381
53 19 1.36081905
54 19 -3.58020225
55 19 -181.493558
56 19 -116.002553
57 19 -8.69517651
58 19 -0.611256758
59 19 1.2097448
60 19 -2.93823185
61 19 -177.997464
62 19 -117.80924
63 19 -7.35956448
64 19 -0.504670304
65 19 0.992863775
66 19 -2.44835404
67 19 -166.693535
68 19 -107.244792
69 19 -7.88220228
70 19 -0.464712126
71 19 0.831361401
72 19 -2.08216234
73 19 -163.003668
74 19 -115.541837
75 19 -8.77702097
76 19 -0.534544672
77 19 0.924412005
78 19 -2.4231523
79 19 -135.78599
80 19 -82.0976116
81 19 -6.17580419
82 19 -0.38731242
83 19 0.801683107
84 19 -1.89007465
85 19 -86.4754091
86 19 -41.1699201
87 19 -2.77176884
88 19 -0.207099159
89 19 0.487529698
90 19 -0.911076862
91 19 -141.343614
92 19 -84.8294029
93 19 -5.62684066
94 19 -0.404583281
95 19 0.774704174
96 19 -1.92526016
97 19 -141.467489
98 19 -77.4392661
99 19 -5.22218382
100 19 -0.437363266
101 19 0.805651442
102 19 -2.12475491
103 19 -149.718323
104 19 -83.4938499
105 19 -6.11691419
106 19 -0.560251065
107 19 1.06819212
108 19 -2.64770654
109 19 -110.813968
110 19 -49.3474101
111 19 -3.17283504
112 19 -0.352765336
113 19 0.750618885
114 19 -1.78206483
1 20 -116.552126
2 20 -847.445882
3 20 10.2491272
4 20 -2.79121192
5 20 0.409865586
6 20 -0.41495372
7 20 -144.007712
8 20 -1019.50611
9 20 13.2885009
10 20 -3.5479823
11 20 0.557426684
12 20 -1.46518648
13 20 -183.723154
14 20 -1097.43457
15 20 15.6626693
16 20 -3.92344171
17 20 0.765242461
18 20 -2.40074528
19 20 2668.51046
20 20 19653.1661
21 20 -496.543145
22 20 47.6720827
23 20 -10.0194873
24 20 43.4589608
25 20 -158.078527
26 20 -913.140094
27 20 15.8009048
28 20 -3.78562922
29 20 0.835106354
30 20 -2.82311633
31 20 -102.047399
32 20 -577.728632
33 20 10.6140108
34 20 -1.8883227
35 20 0.553295861
36 20 -3.15530187
37 20 -146.857561
38 20 -650.892352
39 20 11.1958335
